$SPEC_ID:
4MHNO3 4MGLASSAUG16
$MEAS_TIM:
40000.00 46117.16
$DATE_MEA:
8/11/2016 18:25:52
40000.00 46117.16
40000.00 46117.16
$DATA:
0 2047
0
0
0
0
0
0
0
0
0
0
0
0
0
0
0
0
0
0
0
0
0
0
0
0
0
0
0
0
0
0
0
0
0
379
12488
55321
170357
220925
218473
216864
214358
212548
211462
209619
206780
205814
203838
202864
201908
199354
197082
194994
193469
192959
190273
188492
188241
186746
185639
183208
182610
180417
179596
178730
177100
175653
173951
172714
170632
170646
169568
167580
166095
164251
163179
162729
161956
161059
159740
158225
157114
156966
156048
155350
153997
152912
152152
152984
152468
151042
149186
147272
146333
145946
144968
143896
143521
142645
142321
141571
140908
139925
138687
138936
137914
137366
137088
136500
136641
135782
135297
135043
134107
133461
132946
131801
132519
133166
133787
137011
141594
146517
151674
151448
148550
143495
139056
136577
135202
136863
143538
158169
182028
212808
236418
242790
226254
195200
163085
142092
130866
126062
123740
122974
121622
121076
120775
119572
120059
119550
119476
119625
121323
122064
122515
121069
120088
117949
116972
116562
116509
116617
117488
121423
128253
137094
142322
140585
133318
125152
119353
117277
116696
114549
112560
110580
109332
108410
107320
107172
106885
106220
106412
105574
105679
105433
104704
104701
104440
104222
104012
104266
103851
103684
103550
103314
103197
102450
102503
102810
102090
101827
102587
101593
102233
100953
101036
101507
101188
100676
100672
100650
101116
101100
101251
101137
100730
100796
101285
102063
101760
102525
103435
103815
105977
107237
108900
110801
112339
112833
113900
115478
116493
116931
118511
120152
122455
127371
138527
169577
244176
395808
646468
967653
1256399
1380129
1267600
972069
632057
370407
220587
150140
122120
109864
105019
103171
102317
101899
102241
102180
102355
103359
103471
103374
104086
104484
104814
106270
106850
109612
112468
121818
147058
201147
296036
411059
494401
499519
423157
321875
248093
211633
196977
179996
157653
132474
114732
104865
100079
98268
97971
97597
97784
97882
97308
97688
97978
97697
98376
98610
98076
98604
98438
98419
99148
98715
99403
99626
99538
99806
99602
100898
100614
100741
101082
100219
100738
101339
101546
101611
102009
101049
101541
101502
102719
102190
102865
103095
102777
102794
102969
103399
103270
103456
103959
104431
104062
104289
104883
104224
105079
104810
104757
105255
105344
104985
104493
105469
106171
106253
105879
106370
106260
105898
106807
106307
106434
106719
106494
106797
106854
107118
107765
107050
107876
107525
107339
107609
108408
107821
108414
108005
108252
108832
108045
108583
108923
108244
108340
108289
108607
108276
108615
107996
108805
108916
108392
108641
108583
108655
108613
108761
108791
108518
108399
109075
108421
108530
108554
108196
107804
108138
107320
107136
107748
107476
107217
107438
107536
106981
106334
107177
106903
106652
106608
106466
105801
105679
106165
105633
105211
104291
104420
105396
104248
104676
103909
103978
103810
103091
103446
102683
103334
102689
101730
101311
101749
101426
101075
100736
100245
100225
99919
100086
99136
98840
98618
98365
97850
97628
96796
96262
96182
96479
95707
95754
95318
94701
93959
93471
93652
93345
92294
92351
92326
91574
90993
90444
89694
89585
88899
88870
88156
87423
87826
87199
86279
86017
84905
84920
84679
84187
83603
83272
82121
82031
81379
80552
80200
80650
79447
78766
78375
77902
77692
76539
76700
75412
74717
75080
74009
73307
73054
72535
72410
71044
70928
70010
69787
69462
68196
67946
67383
66689
66141
65486
65339
64564
63844
63444
62942
61990
61612
61204
60206
60441
59153
58913
58050
57032
57067
56540
55787
55795
54681
54645
53907
52858
52387
51653
51411
50344
49981
49552
49175
48401
48453
47752
47535
46754
46295
45585
44744
44318
43857
43011
42872
41781
41210
40557
39978
40024
39248
38343
38213
37397
37142
36841
36013
35716
35405
34425
33924
33694
33016
32453
32189
31979
31421
30728
30728
30080
29983
29330
29015
28661
28144
27613
27327
26572
26933
26338
25932
25601
25348
25176
24500
24810
24240
23892
23310
23213
23052
22966
22283
22449
22397
21851
21594
21056
21412
20954
20786
20358
20281
20127
20096
19682
19324
19311
18994
19192
18906
18601
18679
18281
18471
18338
17897
17948
17997
17673
17926
17675
17592
17637
17929
17497
18476
19969
23407
30254
41437
55160
66432
72127
68144
57262
43402
32034
24157
20280
18769
19079
21882
28232
41127
61352
85246
105672
113738
105242
84767
61038
41031
28124
20648
17162
15444
14667
13994
13843
13463
13402
13255
12948
13241
13101
13052
12900
12803
12732
12763
12558
12616
12660
12424
12528
12548
12435
12440
12303
12234
12158
12190
12366
12107
11973
11987
11969
12058
11795
11987
12116
12051
11934
12018
11770
11962
11986
11676
11832
11868
11979
11915
11833
11951
12041
12019
12020
12002
11858
12088
12326
12264
12235
12383
12593
12382
12468
12537
12721
12852
12945
13226
13256
13377
13540
13905
14437
15841
18416
22296
28462
35368
41824
46800
48534
47505
42989
36185
29261
23603
19342
16873
15376
14910
14304
14240
14374
14891
15828
17717
20381
24135
27582
30520
31410
30735
28322
25071
22003
19278
17286
15923
14805
14370
13612
13467
13261
13183
13069
13334
13162
13188
12993
13102
13020
13119
13042
13036
13035
13201
13164
13084
13190
13195
13211
13119
13271
13309
13326
13373
13247
13423
13497
13699
13803
13745
13922
14210
14128
14059
14190
13644
13915
13828
13938
13877
13876
14083
14157
14223
14175
14239
14344
14264
14459
14385
14600
14807
14937
15189
15746
15819
16010
15865
15642
15651
15426
15651
15479
15599
15483
15779
15927
15801
16021
15944
16187
16128
16126
16538
16756
16910
17003
17140
17180
17568
18150
18009
18759
19098
19642
20575
21128
21876
22384
23066
23134
22426
22236
21081
20578
20430
20090
20239
20198
20230
20164
20618
20595
21094
21044
21560
21495
21799
22082
22217
22923
23271
23404
24150
24406
24400
24762
24587
24413
24533
24712
24923
25239
25497
25917
26022
26222
26517
26858
26965
27221
27599
27776
28428
28516
28589
28786
29378
29652
29833
30294
30625
30963
31516
31548
32282
32148
32805
32839
33364
33775
34703
34508
35138
35630
35844
36728
36907
37386
37726
37921
38458
38999
39502
39531
40451
40435
40780
41817
42080
42680
43059
43362
43940
44621
44899
45283
45899
46139
46776
47052
47720
48266
49256
49154
49915
50416
50402
51763
52031
53210
53748
54038
57106
62202
74522
99514
142140
203113
272080
326236
347887
327139
272467
206861
147943
107130
83632
71745
66992
65133
64654
64676
65678
66167
66545
67683
68278
69109
69898
70454
71461
72250
73517
73913
74974
75540
76278
77006
78002
78668
79447
80376
81317
82303
82607
84285
85185
85801
86139
87561
88356
89342
90103
90708
92467
92602
93854
94622
95790
97100
97914
98277
99437
100900
101126
102764
103426
104720
106010
106046
107622
109137
109944
111136
111842
112593
113843
114909
117060
117905
118794
120053
120905
121420
123195
124035
125717
126717
127766
129433
130687
132471
132802
134678
136013
136380
138147
139526
140780
142076
143489
144414
147150
148007
150846
150296
152235
154032
155487
156637
159229
159318
162063
163120
164734
166595
166942
170222
171352
172885
174638
176229
178240
181124
182185
184367
185224
186625
189102
189955
192387
195330
196853
198896
200703
201259
203504
205719
208364
210649
212426
214245
217341
218041
220987
222233
225380
227022
228684
230772
233759
235849
238014
240864
242164
244429
246004
249564
252831
253855
256602
258706
260989
264492
265729
268569
270413
272774
275754
278985
280799
283828
286132
287656
291468
293422
296696
300355
301395
304114
306839
310251
312627
314599
317359
321229
323319
326590
329336
331549
334242
337435
340015
343050
345811
349929
351769
354536
357478
359396
364349
366102
368216
372390
374293
377508
380808
383826
387492
391040
394896
396353
398390
402256
406244
409259
412005
414669
417473
420021
422438
428470
431035
433830
437993
439542
443862
445690
450046
451968
457921
459519
462119
464861
470104
473015
476257
480569
482230
486468
490025
491770
496409
499464
502868
505838
510255
512000
516489
518076
523478
526678
530097
533016
535872
539334
542456
546658
547481
552081
556701
559440
564155
567034
569849
574434
576771
580800
585187
588458
591755
592325
596712
600231
605052
608999
609659
615198
617509
622260
625986
628416
631728
634468
636774
642844
647619
648631
652257
656692
660049
663186
666005
672411
674812
675200
681361
682427
688118
689104
693944
697052
701440
704984
708260
710476
712909
718269
719902
727091
729541
731524
733466
737116
742541
744369
748941
752261
755237
757266
760392
764007
768923
772430
775455
779266
781231
783322
786175
790278
795061
798149
800555
803733
807537
809579
812722
814397
819087
823486
824904
829444
833979
835017
838523
842629
842722
848172
849385
854201
857691
857743
863727
866172
867218
871908
872811
879952
880456
881929
885627
885788
892410
895644
897313
898213
904276
904950
911407
909534
913324
916437
918700
922121
925412
926680
930440
932577
936667
937321
939350
942182
943272
945982
949661
951396
954653
956654
959155
961712
965156
966504
968944
972182
972301
973918
977913
979297
980845
980962
986693
989607
990291
993553
993141
995943
998785
1000898
1004822
1003561
1004932
1006466
1006790
1010230
1015136
1015712
1016953
1017010
1018621
1019510
1023316
1024762
1028533
1028217
1031102
1028969
1031702
1034458
1036721
1038677
1040403
1039243
1043173
1041025
1042748
1044376
1047334
1048498
1048447
1047857
1050999
1049441
1053598
1054992
1054036
1056270
1059089
1055358
1056791
1060153
1058434
1060504
1062838
1061271
1062499
1062070
1063297
1061595
1063561
1065010
1064444
1066111
1067916
1066610
1065793
1067792
1067906
1068113
1067095
1067374
1070251
1068947
1071200
1068160
1067343
1067578
1066681
1067452
1070248
1069136
1069342
1067412
1069005
1066841
1067173
1065897
1067041
1064530
1065149
1063423
1064337
1063076
1062731
1060642
1063512
1061092
1062328
1060425
1058556
1057511
1058940
1059553
1057455
1054886
1054691
1052103
1053754
1051106
1049117
1047400
1050213
1045095
1043367
1041208
1040274
1039912
1039768
1037644
1038619
1033685
1033883
1029266
1028291
1028731
1025978
1024666
1022449
1020255
1015695
1014388
1014662
1013441
1010197
1007232
1005077
1004042
1001085
996779
995518
992523
989380
989296
987986
981904
981961
978427
975413
973357
969906
966705
966717
962404
960023
953316
952555
948155
948248
945031
941096
936773
936140
928425
926870
925619
920638
919292
916135
908133
905219
900653
898875
894689
891040
884539
884770
878846
876724
868888
867264
863826
858345
854993
849973
845229
841196
835792
832453
828608
824094
819493
815023
807909
804382
799511
797906
791045
787535
782463
776903
768464
766501
760491
753438
750537
743376
740282
733374
726911
722827
717080
710748
705537
700603
696214
686604
681746
677127
670916
665068
658416
651465
645268
639333
633991
627916
621554
614449
607932
600405
595190
589293
580596
575646
567684
560710
555185
547560
539276
533978
526324
518435
511845
504066
496514
490785
482199
474630
466611
458911
450941
443823
436430
426791
421089
411327
403245
395940
386984
380982
371236
362773
354057
345586
337472
329097
320659
311634
300934
292662
285615
276663
266606
257769
247302
239528
229696
219818
210010
200352
189708
181227
169364
160726
150242
138668
128589
117876
106646
95700
83791
72081
60576
48697
37600
28138
19730
13320
8904
5846
3872
2929
2476
2137
2014
2031
1952
1993
1834
1831
1817
1839
1756
1858
1765
1822
1761
1786
1784
1790
1737
1785
1741
1791
1726
1724
1678
1714
1627
1734
1635
1622
1636
1658
1703
1703
1628
1647
1563
1598
1573
1637
1597
1577
1567
1542
1487
1539
1539
1545
1566
1523
1561
1591
1552
1509
1548
1463
1485
1481
1514
1520
1493
1443
1471
1455
1463
1475
1422
1449
1407
1380
1360
1405
1350
1427
1470
1403
1363
1361
1372
1393
1389
1349
1334
1357
1357
1327
1369
1275
1330
1328
1264
1313
1371
1282
1349
1303
1272
1327
1263
1320
1267
1326
1284
1298
1305
1146
1238
1244
1259
1257
1219
1209
1263
1209
1242
1217
1248
1237
1205
1249
1214
1141
1204
1115
1208
1152
1154
1090
1132
1103
1118
1105
1195
1098
1172
1148
1058
1106
1149
1061
1099
1030
1110
1082
1086
1097
1123
1023
1082
1025
1082
1091
1016
997
1018
990
1038
994
1014
1018
1055
998
973
994
1044
993
991
968
937
934
954
933
973
968
915
931
921
890
886
942
898
904
873
904
850
798
840
809
877
849
823
870
854
866
833
825
835
821
841
840
822
807
757
816
780
783
771
748
746
723
740
762
780
735
722
768
689
744
725
716
680
753
694
655
734
689
703
671
683
690
693
679
662
681
637
656
616
660
627
659
656
640
571
619
585
612
591
618
583
573
580
576
629
597
584
565
596
603
585
579
575
525
566
604
540
584
519
565
563
552
519
561
568
529
562
529
519
571
527
554
557
537
569
516
509
552
504
469
506
497
509
512
506
519
484
483
506
469
534
491
484
468
471
454
488
492
458
501
449
457
431
509
482
433
445
438
437
453
447
416
475
431
424
434
447
429
451
390
448
401
455
443
436
422
411
393
462
389
438
418
424
425
401
407
384
446
410
434
413
383
376
405
409
373
374
386
372
376
381
399
383
404
392
379
396
353
396
365
355
385
356
373
374
357
395
405
389
$MCA_CAL:
3
-0.0812600 0.0898200 0.00000000000000
$ENER_FIT:
-0.0812600 0.0898200 0.00000000000000
$MCA_CAL_DATA:
3
512 46
1024 92
1536 138

