$SPEC_ID:
HNO3HF
$SPEC_REM: 
Sample ID: MOXGLASSJUL19
$DATE_MEA:
07/31/2019 10:23:53
$MEAS_TIM:
40000.00 42486.07
$ENER_FIT:
-0.08126 0.08982
$KED DECLARED U235 ENRICHMENT:
0
$KED DECLARED PU ATOMIC WEIGHT:
0
$KED PATH LENGTH:
2.0076
$KED SAMPLE TEMPERATURE:
19.1
$DATA:
0 2047
0
0
0
0
0
0
0
0
0
0
0
0
0
0
0
0
0
0
0
0
0
0
0
0
0
0
0
0
0
0
219999
218052
215752
215370
213285
211729
209815
207848
206278
204501
202159
201083
199092
197819
196129
194968
193462
191223
189633
188851
187935
186156
185377
183586
182147
180196
179715
177770
175700
175026
174476
172498
171767
170082
169362
167123
165924
165688
164376
163229
162184
161052
160169
158404
158362
156888
156129
154832
154258
153200
151942
151363
150072
150106
148791
147919
147298
146684
147125
146763
145403
143960
142660
141515
140781
140500
140052
138926
138343
137265
136628
136210
135303
134743
133485
133288
132973
132448
133012
131945
131933
131168
130666
130325
127974
128286
127507
126857
126789
126409
127753
129348
131887
133972
135145
133608
131074
128082
126222
126335
126442
128644
133526
143963
155576
166343
168576
160604
146370
131531
122723
118214
116043
114715
114884
113588
113828
113183
112571
112195
112379
112567
113253
114641
116114
115908
114947
113021
112927
111924
112490
111428
112261
113942
118462
126710
135491
140592
138256
130094
121157
116779
115250
114412
113301
111343
109651
107697
107018
106042
106753
106279
105510
105422
105274
105013
104953
105042
104554
104270
103728
104547
104077
103615
103843
103376
102805
102799
102784
102443
102707
102174
101628
101668
101053
101385
100542
101312
100875
101114
101043
101218
100246
100579
100206
100156
100187
100015
100302
99796
100426
100082
99942
100318
100627
100490
101329
101468
102128
103026
103164
103036
104200
104373
104408
103965
104905
106700
108926
114167
129983
165741
239142
358296
500664
617879
650569
575793
426581
276237
174473
122770
103837
99023
97989
97519
97384
98351
98406
98014
99120
98672
98743
99319
99784
99949
100397
102078
102662
104469
105187
110396
123260
156797
228403
342108
466261
539481
511753
409766
297343
230496
206839
199177
180569
152306
123678
105466
96915
93581
92463
92602
92062
92958
92801
93171
92784
92352
93009
93140
92428
93061
92982
92410
93397
93504
93516
94379
94114
94233
94124
94338
93879
95014
95021
96118
96181
95698
96175
96020
96095
96100
96584
95622
96123
96308
96761
96663
97218
96705
97118
96743
97612
96960
97550
97784
98333
97760
98052
98253
98014
98451
98608
98732
98675
98864
99333
99067
99032
99682
99120
100152
99513
99998
100256
100265
100006
99884
100415
100631
100678
101333
101099
101007
100766
101232
101407
100733
101203
102182
101563
101837
101510
101699
101832
101804
101765
102114
101461
102273
102360
102298
102464
102041
101744
102130
101969
101082
101115
101111
101725
101257
101879
102005
101524
101092
101350
101728
101792
101481
101200
100734
101815
101032
100590
100935
100666
100749
100713
100786
100416
100432
100281
100625
100378
99992
99560
99850
99916
98987
99235
98476
98649
98688
98664
98222
98140
97467
98219
97131
97243
97082
96796
96660
95963
96042
95694
95244
95643
94899
94460
94766
94646
93542
93499
93266
93173
93129
92676
92189
92036
91468
90959
90647
90214
90344
89492
89492
89052
88418
88408
88083
88080
87325
86892
87112
86409
86094
85120
84910
84469
84782
84282
83429
82870
82536
82432
81288
81271
80677
80080
79868
79170
79121
78972
77994
77785
76876
76466
76305
75998
75437
74454
73788
73856
73120
72628
71622
71424
71002
70297
69768
69801
69468
68365
68382
67365
67131
66859
65987
65630
64883
64492
63815
63697
63220
62523
62089
62178
61059
60464
59725
59563
59553
58685
58024
58043
56799
56524
56058
55596
54902
54651
54387
54167
53575
53013
52581
51712
51414
50872
50181
49784
49059
48556
47913
47380
47266
47330
46457
46592
45611
45557
44730
43462
43343
42951
41867
41619
40780
40481
40579
39456
39023
39108
38241
37745
37867
36984
36351
35980
35633
35609
35373
34710
34415
33556
33324
33163
32857
32416
31689
31610
31384
30981
30833
30386
30400
30062
29417
29424
29132
28765
28676
28526
28450
27822
27817
27850
27424
27056
26951
26934
26395
26151
26468
26200
26226
25863
25536
25531
25840
25363
25140
24901
24979
24974
24789
24762
24649
24738
24659
24351
24211
23985
24472
24179
24145
23882
24197
23843
23794
23909
24067
24010
23957
24223
24451
24938
26540
30471
38901
52952
72659
92703
104276
103721
87923
67629
48372
35665
28496
25508
25825
28726
36020
51810
78566
115261
149004
167726
161666
134238
97158
63778
41665
29213
23588
21220
20644
19819
19695
19768
19554
19412
19221
19375
19425
19348
19249
18977
19307
19207
19084
19269
19033
19247
19132
18868
19198
19622
19335
19555
19507
19531
19612
19704
19795
19965
19946
19866
19868
20093
20207
20236
20672
20425
20676
20892
20924
21146
21305
21587
22031
22017
22250
22608
23373
23440
23542
23825
24369
24901
25135
26003
26614
27276
28117
28859
29417
30096
31257
31611
32759
33261
33707
34639
35954
36398
37722
39711
43107
48630
56810
66391
76157
84596
88818
89399
83707
74278
63675
54127
48051
44214
41931
41178
40659
40189
40182
40761
41044
43042
45919
49817
54015
57709
59810
60154
57917
54224
49602
45726
42238
40185
38756
37713
36575
35957
35941
35695
35536
34983
34864
35095
34586
34374
34549
34276
33864
33779
33751
33881
33671
33718
33303
33192
33103
33186
32886
33349
32684
32646
32628
32528
32699
32739
32414
32606
33143
33245
33264
32693
32767
32342
32450
32062
32065
32388
32422
32382
32276
32099
32557
32179
32082
32108
32252
32263
32430
32328
33255
33304
33371
34005
34044
33787
33822
33195
33012
33182
33234
33167
32911
33332
32993
33463
33365
33316
33569
33521
33804
34332
34359
35109
35715
36467
37069
37371
37083
37066
37069
37283
37973
39095
40498
42654
45636
48908
50752
51220
49407
46289
42949
40527
39081
38451
38086
38441
38710
38480
38287
39257
39399
39449
39831
39715
40108
40381
40884
41789
42208
42560
42692
42745
42732
43327
43285
43554
43510
44215
44414
44299
44331
44667
44695
45370
45772
45873
46460
46529
46449
47097
47313
47671
48083
48837
48834
48973
49768
50343
50245
51141
51301
51376
52233
52357
52898
53299
53829
53838
54562
55036
55361
55888
56226
56669
57419
57397
58199
58526
59453
59087
60480
60471
60946
61459
61714
62057
62240
62981
63372
63102
64322
64574
65353
65430
66415
66448
67020
67451
67429
68333
68249
68349
68705
68710
69486
69229
70263
71857
75352
89199
130961
235921
461400
863642
1447535
2114761
2661509
2868536
2644235
2081172
1409374
824690
429340
212299
113464
77013
66254
62734
62537
62931
63813
64283
65287
65014
66140
66887
67050
67634
68801
69055
69671
70801
71379
72368
72806
73894
74486
75196
75853
76237
77301
78203
78783
80480
81037
81321
82397
83155
83943
84904
85689
86646
87357
88295
89220
90533
91041
92176
92656
93386
94741
95569
96743
97476
98298
99309
100404
101184
102157
103396
104374
105271
106209
107150
107702
108877
110142
111403
112520
114025
114910
115530
117322
117253
118729
120020
121028
122537
123666
124678
125974
127446
128028
130173
131139
131887
133468
134684
135614
137901
138628
139901
141590
142674
144271
146007
147387
149216
149859
151288
152121
154413
156553
157287
158646
160606
162108
164281
164992
167571
168248
170577
172122
173600
175107
176846
178497
180352
182521
183417
185431
187025
189253
190224
193094
195297
196581
198653
200719
202869
204084
206134
207517
210144
211873
214387
215626
218345
220303
221765
223744
227032
229780
231140
233023
235120
238142
241029
242575
243495
246927
249700
251620
253952
255599
259302
260368
263387
266574
268870
269241
272913
274657
277531
280945
282779
284778
288225
289546
293158
294981
296695
299193
302543
305959
307685
309504
312367
314218
318397
320594
323099
325617
329035
331663
333949
337712
340631
343344
345128
348537
350653
353717
355446
359178
361564
365293
367001
371239
373514
377325
379625
383492
385856
389262
392903
394279
398222
400893
402959
406635
409178
412449
414971
419479
422133
424540
427131
430418
433944
438303
439905
442293
446393
448503
451849
455348
457460
460665
464905
467069
470293
472596
476557
480419
484398
486449
489438
493566
496325
498791
503804
505198
509014
513479
516427
518788
522303
526817
528763
532688
535885
539628
543181
545476
548517
551494
557629
559278
561640
565083
569169
573343
575047
577709
580718
585001
586970
592316
593696
597848
600755
604140
607616
609703
613204
616089
620797
623858
626715
628593
632751
635734
638558
641811
644711
649420
653683
655647
659012
661023
664412
667173
671378
674927
677996
682391
684863
689016
690516
695664
698185
701108
703881
707569
710703
713196
716780
719650
722442
727027
730224
731174
734528
739582
741190
744967
747297
750604
752766
756125
759051
761502
763813
767917
770096
772510
775024
778189
782163
786612
787986
791127
791957
794805
797708
802396
802473
806973
810120
812139
815955
819112
821605
824352
829230
829628
831805
834387
838552
842090
844044
845933
849125
851210
856429
857032
858762
862537
864558
867829
869865
872747
874865
877913
879507
882703
885098
888584
887577
892738
894444
895964
898850
899272
903426
905493
906155
909988
911514
914462
915111
918226
919666
922056
924260
925497
928942
928951
930982
933773
935425
935890
938311
940888
942102
943272
946736
949750
947501
951540
953732
954812
957818
957712
957923
962366
964165
966020
967252
969553
969079
970681
970867
974956
975371
977685
978189
978126
979863
980189
982875
984362
983838
984585
987457
987217
988255
989706
991368
991602
992016
994857
991700
994529
995687
996203
996938
997114
996524
997703
1000448
999386
1000652
1001662
999558
1001159
1004463
1002757
1004651
1005657
1004893
1008374
1006887
1006460
1008785
1008671
1008875
1010081
1007249
1007743
1009009
1009282
1009830
1009630
1008421
1008203
1008477
1008468
1007686
1006246
1008951
1008728
1006125
1006932
1008394
1006342
1004354
1004812
1002653
1002942
1002847
1000691
999778
1001506
1000521
999197
997156
997901
995083
996628
994525
993186
992225
990275
990187
987506
988931
985388
984727
985367
984353
982100
981370
980746
976872
977126
974165
973893
970462
971386
968136
965962
965833
963334
960643
959353
956991
956186
954198
952875
948965
948185
944207
943252
939474
938478
935377
934184
932115
928840
925821
923720
920622
917447
914728
913386
911254
907070
904556
901950
899812
894923
894061
889942
888802
884561
881240
875704
873619
871692
869097
866753
861883
857997
856412
853854
849571
845497
840687
837367
834305
831888
827095
823307
820680
816628
813087
806999
804627
799275
795356
789698
787253
783720
779434
774367
768923
763325
761311
755310
750136
746474
741643
738129
732051
726977
722373
717024
711359
706679
701230
698254
693041
686346
682585
677179
671520
666087
659798
655394
650718
644588
638119
633700
628354
622709
615830
611432
604536
596804
591174
585498
581042
574855
567344
561560
554856
550192
543072
536590
529263
522903
517048
510135
503207
495897
490059
481866
475211
469624
463559
454846
447747
441605
433101
425668
417231
410362
402376
395388
387849
381470
372883
364968
357392
350723
342391
333254
326684
317617
309646
302136
293408
284647
276654
269259
259410
251151
242853
233267
224360
215977
206655
197844
188124
179259
169850
159431
150205
140608
129486
119930
109484
98915
88093
77422
65770
54940
43765
33114
24506
16748
11026
7367
4892
3392
2628
2324
2163
2142
2072
1968
2044
1928
1950
1904
1924
1874
1902
1878
1864
1884
1863
1872
1904
1772
1762
1841
1777
1759
1783
1761
1768
1802
1744
1745
1744
1661
1787
1771
1689
1764
1625
1758
1711
1669
1631
1685
1690
1572
1689
1662
1616
1495
1655
1602
1660
1594
1613
1597
1683
1623
1590
1537
1586
1537
1537
1516
1577
1563
1524
1527
1443
1541
1502
1535
1541
1537
1468
1546
1519
1433
1504
1483
1516
1382
1406
1531
1514
1397
1496
1415
1470
1448
1456
1465
1457
1421
1416
1419
1455
1454
1471
1483
1413
1363
1402
1396
1325
1363
1397
1313
1349
1317
1345
1374
1401
1395
1298
1439
1291
1289
1332
1315
1282
1324
1263
1378
1340
1304
1339
1234
1247
1277
1289
1197
1327
1297
1353
1303
1218
1304
1309
1242
1240
1256
1289
1266
1262
1204
1292
1248
1263
1221
1257
1242
1254
1215
1188
1254
1172
1214
1217
1214
1153
1188
1187
1200
1177
1227
1160
1161
1203
1139
1170
1168
1215
1190
1213
1155
1148
1151
1217
1092
1181
1146
1123
1192
1130
1153
1120
1134
1088
1114
1142
1080
1079
1131
1086
1123
1095
1062
1084
1103
1151
1063
1065
1083
1069
1089
1031
1138
1070
1028
1049
1076
985
1036
1072
1060
1033
959
990
1032
987
999
1037
990
1038
994
1020
1052
942
999
960
987
983
1021
998
1000
1034
931
953
1016
995
972
934
954
996
986
966
959
941
923
938
915
926
962
932
978
927
984
965
930
953
971
929
954
903
840
870
946
876
892
891
897
888
948
913
875
898
906
940
964
903
950
970
943
958
1006
1049
1075
1085
1127
1187
1169
1144
1128
1054
973
920
964
891
870
800
833
885
812
829
833
857
793
867
805
841
811
810
786
798
874
832
788
814
768
785
825
813
768
767
831
740
788
749
784
790
820
790
750
831
743
808
698
773
787
844
768
765
770
754
794
746
746
788
800
787
747
746
755
741
839
776
743
756
741
777
730
753
766
789
793
748
751
722
749
727
758
749
781
746
696
761
774
758
746
