$SPEC_ID:
HNO3-4M
$SPEC_REM: 
Sample ID: HNO3-3M-JAN18
$DATE_MEA:
01/16/2018 18:44:23
$MEAS_TIM:
40000.00 46708.59
$ENER_FIT:
-0.260901 0.0898229
$KED DECLARED U235 ENRICHMENT:
0.7
$KED DECLARED PU ATOMIC WEIGHT:
239.63
$KED PATH LENGTH:
1.4109
$KED SAMPLE TEMPERATURE:
22.1
$DATA:
0 2047
0
0
0
0
0
0
0
0
0
0
0
0
0
0
0
0
0
175
86041
263216
350786
348217
346770
343390
340817
337408
334447
332156
328655
326341
322953
319080
317838
315352
312406
309379
308161
305700
302629
300274
298505
295710
293960
292392
289373
287152
284428
282164
281484
277111
276298
274540
272903
271272
269265
267676
264353
263254
260779
258727
258529
256242
254321
252489
251234
249343
247678
246280
245106
242743
241645
239323
238269
236403
235183
233370
232698
231581
229916
228730
227913
226618
224533
223666
223392
222430
220968
220141
218500
218580
221751
222850
221855
218192
214469
211454
209868
208901
207238
206072
205407
205623
204549
201702
200948
199780
198860
198471
197554
196509
195942
196411
195385
194745
193214
191744
190983
191133
189781
188977
188930
189366
190407
191968
193151
196252
198263
199209
196513
193513
193511
191176
191208
191268
194580
201315
214217
228856
238356
234904
219671
204012
195364
189165
185350
182906
181069
180730
178221
177929
176130
175440
174683
174012
173613
174799
176498
176891
175029
174634
171785
170837
170961
170759
170106
170153
171159
175442
185979
195525
194658
186951
178793
174341
171928
171489
168533
164666
162048
161065
159568
157888
158252
156364
157127
156208
155682
155381
154599
154210
153809
154108
153414
152737
152831
152600
152309
151060
151353
151073
151391
150543
150608
150405
149959
149468
150628
149847
149959
150282
149164
149806
149067
148666
148675
148493
147983
148105
147484
147480
147831
147498
147110
146664
147410
147804
147855
148244
148746
149651
149902
150900
152368
152093
154266
155691
156559
158402
161176
163985
168205
171744
181364
204470
260893
374773
535651
693820
763432
693506
527817
369121
271689
221321
188988
168596
156393
150030
147149
146179
146689
146534
146766
146837
147975
148002
148400
149842
151718
152625
154479
156614
158107
160481
166026
182446
231315
334134
475643
573601
550853
443302
343686
297991
288748
275920
243711
205659
175981
158334
151413
146207
143434
141687
140001
140476
140528
140846
140972
141382
141273
141555
141438
141719
141325
142515
142645
143273
142926
143265
143367
143481
144129
144287
144824
145854
146644
148425
150935
151061
150526
150337
148843
147482
148757
148846
149556
149089
149856
149449
149724
149833
150046
149933
150944
151233
151461
151870
152461
152083
153812
152885
153132
154450
153889
154260
154707
155002
154746
155683
155550
156232
156801
156517
157017
157656
157664
157618
158553
158494
158572
159081
159511
160078
160504
159821
160367
161062
161069
161873
162204
162164
163139
163391
162907
163600
163543
164312
164624
164432
163751
164823
164593
164483
165458
164825
165729
166063
166259
165751
166165
165957
167026
166558
166962
167221
166767
166133
166409
166932
167296
167597
167155
167243
167503
168393
167038
167346
167430
167515
167514
167284
167256
167863
167522
167533
167353
166655
167591
167188
166855
167529
167132
166668
165585
166475
165957
165557
165863
165815
165157
164889
164668
164171
164312
164197
163608
163344
164102
162944
162642
162345
162305
162202
161389
160425
161126
160810
159855
159332
159504
158840
158469
157823
157484
156904
157395
155444
155800
155758
155106
154083
153663
152910
152553
151961
151483
150814
149504
149921
149168
148171
147522
147604
147418
146577
145486
144751
143539
143618
142831
141963
140743
140686
139494
138975
138458
137525
137243
135376
136057
135059
134565
132873
131872
131433
130430
129405
129423
128525
127486
126114
125514
124757
124008
123052
122059
120966
120551
119731
118526
117800
116346
115607
114805
113731
112934
112199
111386
109962
109317
108137
107341
106283
105073
104721
103635
103029
101400
100393
99375
98389
98148
97036
96123
95565
94719
94001
92535
92120
90783
89624
88276
87944
85770
85229
85075
82836
81976
81834
81402
81441
78918
78772
77231
75518
74693
73760
73067
71704
71096
69549
69203
68430
67625
66737
65642
64348
63647
62461
61967
60812
60297
59200
58366
57842
56831
56070
54845
54566
53871
52631
52518
51325
51038
50234
49110
48954
48105
46936
46416
46139
45328
44975
44277
43555
43357
42524
42280
41456
41163
40506
40305
39688
39294
38596
38410
37717
37603
36900
36949
36442
35813
35582
35260
34910
34794
34321
33866
33605
33603
33153
32843
32733
32472
32264
31834
32249
31792
31357
31485
31216
30985
30421
30703
31034
30230
30292
30578
30786
31627
32773
36851
46214
64352
90743
116489
128801
120991
98973
74817
56129
43989
37375
34393
33358
34918
41887
60940
95435
142298
186373
204819
188212
147220
104502
71266
51484
40498
33752
29542
26698
25970
25137
24309
24374
24440
24377
23754
24034
23800
23732
23691
23588
23502
23355
23267
23278
23193
22998
23405
23235
22991
23233
23260
22936
22965
23112
23004
23323
22983
23215
23276
23565
23399
23346
23480
23569
23475
23775
23605
23615
23974
23914
24232
24142
24633
24824
24961
24962
25611
25856
25765
26289
26876
27245
27749
28311
28772
28907
29498
30293
30577
30808
31432
32683
32952
33712
34137
34782
35875
36601
38652
42221
47841
56610
67031
77378
86432
92006
92590
86168
75214
63863
54112
47998
44307
41832
40517
39395
38942
38408
38544
38796
39948
41591
44219
47810
51271
54808
56293
55465
51975
48619
45176
42627
40217
38386
37730
36427
36124
35782
35034
35166
35149
34649
34777
34608
34501
34511
34216
34317
34363
34061
33758
33948
33871
33743
33467
33709
33384
33774
33413
33824
33919
34536
35341
37140
41189
48085
57854
67194
73741
72810
66522
56540
48404
41832
37818
35789
34273
33890
33772
33691
33710
33393
33458
33731
34354
35568
38528
44329
54718
69985
88990
107105
115359
112091
98695
79842
63403
51404
43838
39469
37243
35208
34434
34412
33695
34004
34079
34410
34466
34643
35594
37400
40721
45925
52812
59024
62146
61248
56330
49994
45227
42127
40805
39898
40375
42155
44674
45234
45278
43920
41740
39782
38028
37669
37248
37120
36900
37228
37165
37340
37361
37369
37803
37592
37842
38340
38422
38762
38851
39210
39567
39332
39493
40149
39914
40170
39901
40290
40557
40616
40589
41137
40949
41239
41768
41308
41719
41962
42380
42630
42737
42886
43204
42974
43452
43472
43931
44017
44538
44370
44858
44907
45501
45349
45952
46145
46031
46436
46857
46859
47275
47527
48837
49137
50494
52525
54805
57012
59024
60441
61513
64326
66203
67927
68154
66441
62708
60156
57494
56045
55099
54667
54193
54500
54661
54924
55269
55681
55941
56379
56443
56927
58212
59419
60445
61796
62504
64594
68221
71390
77484
96374
149179
280180
541656
951091
1438228
1838371
1972986
1783948
1378012
927520
567774
334779
201986
129673
91470
71628
62087
58026
55929
56068
56345
56656
57476
58855
59335
60157
60676
61167
62004
61779
62088
62350
62705
62999
63466
64058
64662
64973
65208
65815
66356
66513
67739
67681
69209
69138
70037
70220
70562
71131
71880
72943
73393
74118
74723
75609
75764
77185
77222
77446
78369
79412
80281
80506
81887
81672
82492
82826
84382
84437
86081
86033
86860
87998
88614
88850
89533
90692
91822
92621
93164
93765
95334
95858
96660
97658
97953
99134
100231
101509
102236
103974
105012
105602
106579
107442
109198
110546
110795
112781
114212
115052
116528
117498
118805
119913
121410
123376
124174
125746
127725
129355
130116
132584
133784
134510
137161
138063
139673
141874
144120
144693
146527
148070
150431
152577
153565
156367
158023
159520
161749
163842
165491
167604
169896
171610
173372
176008
178242
180680
182656
184489
187613
190738
192754
194558
197564
199486
200853
203607
206506
209373
211383
213568
216710
220561
221848
225467
227358
230232
233220
235885
238860
241780
245154
248008
250585
254117
255861
258844
262634
266115
267887
271307
274654
278175
281534
283851
287768
290879
294543
296786
300316
304675
308323
310859
315075
319279
321863
325394
328165
332962
336464
339341
344071
347330
351918
354322
359309
362469
366016
369894
375332
378337
382496
385810
390746
393751
398043
402667
404969
411131
415278
420042
422790
426144
431863
436602
439149
444350
449307
453420
458878
462237
467346
471476
475523
480881
485300
490203
493980
499875
503379
509546
513632
517868
523139
527526
531563
537580
542867
547424
550695
558259
563107
567402
571816
576012
582742
586875
592987
597578
602739
607869
613890
618599
623096
629396
632618
638898
643760
648791
656709
661679
665544
670970
677430
682828
688006
694817
699229
705507
709814
715666
723266
727487
732568
737221
744457
749442
755857
759441
766545
773062
777479
782671
790576
794280
800948
806662
812499
818568
823681
829150
835793
839746
846703
849865
858240
863702
869577
874152
881176
887226
893655
900497
907073
915108
917220
924924
931815
936522
944007
950408
956322
961645
968644
973919
982038
984980
991498
998049
1003962
1010081
1016104
1020140
1030348
1032942
1039822
1048526
1052793
1058076
1064041
1071015
1075918
1083465
1088327
1097317
1101090
1108137
1114571
1119264
1124601
1131548
1137432
1143102
1149915
1156405
1160655
1169287
1172634
1179051
1186114
1191834
1196905
1205130
1209066
1217320
1223641
1227748
1233882
1238746
1245163
1252366
1257276
1262868
1269492
1275388
1280563
1286464
1292522
1299617
1303839
1309102
1315885
1320740
1329262
1331241
1338356
1343356
1349447
1353872
1357810
1365494
1371667
1377201
1383381
1390492
1393778
1398939
1406420
1409492
1416502
1420848
1425876
1430996
1436877
1440766
1449636
1451644
1456641
1462192
1466664
1471504
1479169
1480291
1489317
1492511
1498117
1503737
1509241
1514132
1517699
1522097
1527555
1533994
1539520
1542177
1547322
1550802
1558932
1558763
1561267
1567660
1573341
1576271
1582966
1584490
1591403
1594618
1598841
1599533
1605553
1610855
1615103
1618612
1622026
1629389
1627937
1635805
1635988
1639583
1643583
1647903
1651851
1655466
1658944
1661265
1664902
1669649
1671753
1674230
1679107
1681733
1686365
1688541
1691871
1691302
1695740
1697584
1701395
1704299
1707315
1708915
1709692
1714957
1715551
1717396
1720416
1724397
1727998
1729498
1730622
1730744
1734872
1736103
1737585
1739223
1743356
1743186
1745706
1746797
1747477
1750804
1750630
1752362
1755082
1752629
1756127
1757311
1758018
1759526
1760360
1759882
1760545
1762767
1761500
1762201
1763311
1761247
1764368
1762106
1763631
1758863
1759554
1760719
1757446
1761726
1757781
1759301
1761398
1757658
1758715
1757520
1755497
1757096
1757596
1753651
1753403
1752490
1750283
1750357
1748344
1746192
1743941
1744669
1742990
1743473
1741191
1741596
1737095
1735624
1733016
1733589
1730327
1726279
1723536
1721521
1720893
1716473
1716040
1709425
1705655
1705446
1699483
1696672
1692682
1689296
1687361
1681626
1677508
1676631
1673326
1672411
1665971
1661181
1657563
1653755
1647399
1646002
1640636
1633396
1632772
1627829
1621368
1616071
1612237
1606365
1602198
1594907
1587534
1583594
1577020
1568371
1564631
1559859
1550468
1545557
1538796
1534882
1527808
1520152
1514046
1506202
1499855
1492457
1485701
1480340
1471696
1461806
1455614
1449401
1440091
1434887
1425464
1415429
1408575
1400591
1394642
1384048
1376086
1367054
1357464
1346933
1339473
1331496
1320266
1311721
1301808
1292059
1280802
1271699
1261357
1251426
1240940
1230672
1221060
1210538
1197926
1188510
1176717
1166215
1151310
1142120
1131175
1117961
1107941
1096661
1084129
1071119
1059936
1048424
1034961
1021477
1007964
998574
982103
970070
956319
944192
930509
916172
901709
888958
875627
860721
847862
834202
818743
806571
789454
774198
759941
743956
727839
712487
697715
681565
663980
649347
632470
616385
597428
582384
564752
549621
532713
513750
496253
477760
460336
441048
423225
404131
385098
366541
346590
326864
305894
285419
265203
244566
222772
200446
177934
154925
131429
107455
84902
64599
46444
32317
21919
14754
10202
7476
5926
5204
4828
4693
4567
4405
4366
4264
4169
4198
4055
4106
4080
4036
3908
3921
3926
3849
3823
3743
3699
3647
3591
3643
3532
3560
3491
3401
3381
3381
3335
3225
3281
3262
3186
3221
3196
3116
3042
3069
2964
2959
3125
2833
2931
2904
2815
2797
2834
2782
2716
2804
2621
2695
2571
2716
2531
2592
2572
2552
2511
2409
2507
2381
2358
2309
2365
2357
2329
2234
2256
2203
2184
2223
2133
2211
2111
2098
2090
2115
2107
1947
2013
1988
1945
1940
1913
2031
1875
1918
1956
1869
1886
1801
1871
1865
1733
1740
1720
1724
1687
1708
1708
1665
1632
1654
1684
1667
1643
1540
1592
1537
1528
1560
1461
1495
1491
1563
1478
1500
1469
1455
1597
1500
1484
1510
1460
1335
1420
1440
1370
1383
1370
1337
1345
1323
1276
1267
1327
1246
1207
1286
1323
1311
1260
1263
1221
1286
1219
1274
1208
1193
1155
1147
1173
1179
1150
1142
1212
1099
1146
1157
1160
1129
1167
1087
1119
1095
1091
1112
1056
1071
1021
1017
1036
1072
1010
1039
1020
1010
1006
1058
987
1019
1036
984
973
1023
998
959
928
947
955
951
909
899
936
909
909
928
940
980
865
889
869
885
888
827
867
901
879
892
899
824
915
849
850
870
893
836
830
840
806
781
874
806
804
752
887
752
788
814
826
830
784
776
805
750
762
757
725
757
712
772
734
765
791
794
692
739
764
781
699
728
760
725
719
704
692
671
727
657
688
741
728
713
660
689
696
685
663
663
666
697
605
678
640
634
612
636
604
642
644
631
616
623
681
648
734
722
677
709
716
668
639
667
631
625
622
606
548
600
617
583
561
602
597
545
565
556
573
546
590
533
518
546
580
549
526
561
568
561
579
501
513
560
494
490
552
542
523
512
544
512
513
532
455
532
545
489
511
506
493
464
504
548
474
490
502
490
462
519
478
426
480
471
443
439
398
468
459
460
486
442
434
454
437
452
446
448
436
451
397
472
446
433
