$SPEC_ID:
HNO3-4M
$SPEC_REM: 
Sample ID: HNO3-3M-FEB18
$DATE_MEA:
02/14/2018 11:48:26
$MEAS_TIM:
20000.00 22011.08
$ENER_FIT:
-0.254708 0.0898212
$KED DECLARED U235 ENRICHMENT:
0.7
$KED PATH LENGTH:
1.4109
$KED SAMPLE TEMPERATURE:
22.8
$DATA:
0 2047
0
0
0
0
0
0
0
0
0
0
0
0
0
0
0
0
30
13287
66417
117347
119524
118930
118064
117594
116525
115559
113998
113594
112318
110065
109537
108923
108294
107484
106057
105106
103965
102970
103174
101884
101234
100665
99609
98437
98403
97808
96303
95770
95152
94986
93647
93074
92097
91452
91290
90459
90362
89477
88417
88040
87339
87202
86041
86230
85599
84485
84244
83322
83265
82683
82183
81920
80931
80434
80187
80195
79324
78277
78510
77979
77629
77103
76153
76512
76196
75463
74302
75077
74813
75069
75467
75750
74660
74620
72923
72899
71250
71683
70914
70464
70693
69912
69923
69359
68632
68367
68543
67640
67610
67317
67338
67148
66790
66186
66131
65884
65469
65025
65462
64992
64494
64866
65313
65170
65723
67034
66712
67077
66766
66164
66044
65145
65530
65061
65846
67516
69604
72574
74081
72929
70263
67601
65244
63523
62803
62389
62405
62543
61986
61181
61149
60798
60441
60277
59833
60104
60702
60662
60856
59836
59902
59429
58555
58803
58647
58342
58780
61031
62626
64409
64621
62557
60683
59583
58398
58626
57796
56794
56674
55869
55282
55355
54486
54425
54365
54255
54020
53818
53964
53868
53652
53514
53840
53304
53320
53138
53181
52982
52587
52423
52059
52146
52230
51732
51983
51928
51838
51836
51450
51701
50867
51217
51149
51243
51211
50833
50960
50995
51580
50713
51059
50952
50884
50827
51125
51275
51608
51217
51823
52419
52952
53510
54304
54757
54923
55372
55514
55579
55829
56204
56390
57082
58357
63908
78441
104738
141443
174685
191010
176323
142048
105604
80187
65479
57466
52974
50916
50171
49806
50086
50738
50862
50738
50418
50913
51050
50862
51397
51940
52002
52474
52482
52907
53801
56180
62329
79002
108701
148047
172742
169503
143121
113793
96506
89220
85402
77898
68434
59794
54404
51279
49813
48779
48382
48746
48338
48352
48454
48422
48641
48898
48919
48911
49100
49237
49064
49255
49167
49257
49586
49614
49480
49956
49849
50355
50361
50025
50231
50879
50669
51229
50844
51169
50687
51120
51238
51377
51151
51454
51211
51902
51945
51789
51660
52154
51809
52310
52146
52526
52196
52606
52251
53083
53328
53149
53443
53613
53725
54302
53830
54322
54370
54112
54200
54372
54413
54702
54897
54960
54460
55011
55236
55201
55146
55401
55125
55615
55446
56056
56042
55577
56559
56419
56608
56252
56241
56525
57028
56782
56864
56833
57017
56943
57231
57557
57255
57185
57643
57649
57671
57366
57572
57786
57836
58415
58098
58149
57918
57745
58163
58326
57777
58467
57895
58221
58401
58103
58116
58091
57946
58266
58192
58260
57944
57995
58053
58287
57985
57859
58167
57995
58333
58279
58246
57596
57683
57864
57942
57760
57774
57372
57307
57725
57568
57389
57297
57161
57431
57222
56705
56733
56999
56654
56950
56586
56312
56048
56095
55927
56294
55388
55219
55323
54932
55393
55054
54829
54702
54483
54241
53770
54186
53743
53515
53275
53396
53153
53024
52947
52741
52176
52363
51613
52028
51484
51838
51273
51036
50564
50654
50116
50108
49777
49129
49400
48848
49000
48365
48214
48227
47987
47312
47161
46872
46784
46396
46569
45874
45855
45663
45042
44856
44717
44281
43968
43609
43679
42827
42846
42293
41909
41967
41145
41165
40865
40525
40092
39950
39437
38886
38593
38666
38319
37552
37048
37179
36774
36501
35980
35897
35447
35134
35081
34579
34297
34184
34105
33819
33207
32976
32156
31968
31549
31488
30984
30734
30306
30158
29667
29516
29326
28888
28668
28295
27662
27469
26919
26456
26160
26027
25773
25384
24882
24871
24320
24297
23903
23300
23052
22913
22358
22243
22004
21681
21140
21048
20702
20484
20326
19955
19881
19562
19355
18926
18762
18497
18341
17836
17667
17426
17677
17222
16786
16689
16329
16400
15988
15972
15744
15680
15273
15237
15131
15025
14710
14676
14410
14362
14126
13974
13901
13827
13796
13420
13552
13412
13261
13339
13124
13036
12753
12869
12848
12603
12530
12623
12253
12514
12345
12423
12519
12414
12276
12292
12267
12311
12062
12219
12322
12369
12825
13320
14873
18680
24643
32633
40817
44555
43096
36798
28669
21766
17368
14821
13296
13416
14275
17477
24248
35739
50578
64166
70496
66180
53475
39470
27875
20074
15477
12783
11388
10853
10408
10189
10097
9803
10008
9961
9882
9915
9672
9705
9868
9627
9791
9777
9622
9614
9690
9585
9605
9795
9677
9781
9829
9740
9641
9511
9860
9668
9891
9760
10080
9728
10014
10067
9992
10061
9977
10167
9988
10348
10257
10522
10515
10685
10748
10703
10854
11065
11172
11318
11803
11715
12233
12233
12529
12904
13334
13332
13900
14176
14382
14703
15107
15459
15446
15787
16077
16562
17122
17814
18327
19918
22404
25279
29031
33224
35931
38088
38013
35730
31925
27816
24470
22139
20844
19568
18900
18666
18419
18504
18214
18652
19105
19977
20940
22360
24013
24917
25221
24743
23357
22287
20925
19605
18551
17871
17407
17223
16950
16754
16957
16941
16617
16619
16636
16685
16274
16275
16351
16006
16271
16085
15998
16125
16126
15905
15850
16045
15888
15948
15815
16158
16319
16435
17203
18717
22059
26939
34144
41880
47735
48344
44382
37815
30167
24346
20467
18409
16752
16252
16086
15623
15740
15715
15794
16066
16255
17016
18411
21403
27449
37055
50202
63740
73860
75395
68902
56371
43765
32432
24779
20302
17586
16535
15804
15453
15178
14941
14964
14931
15001
14873
15347
15912
16769
18543
20109
21917
23079
22532
21480
19820
17989
17295
16754
16932
17336
18207
19372
20065
20144
19244
17951
17062
16180
15801
15566
15052
15225
14697
14962
15095
15087
15159
14967
15078
15025
15263
15540
15535
15443
15746
15472
15733
15715
15753
15672
15816
15871
15652
15964
15889
15894
15844
15786
16073
15954
15947
16156
16209
16181
16452
16247
16339
16286
16261
16406
16535
16617
16667
17052
17019
17042
17045
17039
17155
17269
17568
17559
17607
17643
17633
18012
18179
18203
19017
19901
21280
23174
25111
26665
27729
29489
30601
32323
33692
33760
32944
30201
27352
24481
22939
21909
21313
21003
20689
20787
20591
20425
20648
20794
20895
21264
20997
21407
21827
22255
22856
23729
24909
26629
29269
35993
52393
92508
179194
342101
580047
852580
1076436
1156786
1065974
846486
588006
362906
206415
113227
61991
37580
26087
21350
20150
19213
19094
19499
19686
19673
20381
20480
20669
20874
20891
20850
21323
21526
21200
21688
21848
21777
21863
22347
22307
22560
22709
22709
23081
23221
23523
23749
24051
24061
24062
24351
24710
24869
25029
24740
25530
25724
26027
26377
26498
26651
26867
26969
27125
27640
27838
27755
28226
28422
28363
28845
29266
29398
29454
29886
29864
29983
30302
30712
30861
31457
31391
31757
31900
32276
32112
33159
32821
33362
33679
33982
34333
34369
34397
35296
35352
35597
36076
36590
36762
36924
37663
37960
37821
38878
39104
39209
40105
40522
40568
40923
41146
41551
42515
42645
43310
43554
44059
44861
45817
45557
45967
46602
47152
47808
48884
48827
49521
49805
50480
50830
51769
52175
52761
53713
54306
55432
55215
56426
56768
57396
58051
58803
59814
60167
61476
61312
62157
62827
63744
64490
65775
66070
66876
67328
68427
68780
69929
71120
71407
71894
73662
74136
74633
75805
76888
77988
78809
79699
80329
81596
82214
83364
84074
85452
86287
87193
88027
89177
90386
91220
92188
93322
94754
95278
96663
98069
98527
99536
101338
102156
103078
105067
105802
106768
107517
109599
110616
111779
113132
114071
115048
116900
117867
119119
120547
121988
123358
124115
125349
126933
127920
129292
131207
132876
133060
135373
136135
138377
139335
140663
141908
143622
145567
147354
148091
149932
151384
152874
154366
155286
156863
159019
160585
161198
163107
163810
166678
167821
169321
171528
172192
175105
176133
178279
178928
181193
183245
184606
186684
187700
189232
191301
193145
194121
197641
198097
200087
201144
203339
205921
207145
209137
210788
212430
214788
215888
218003
220335
222646
223375
225506
227445
229434
231432
233203
235142
236695
239735
240490
242116
244378
245245
248083
250559
253139
253953
256012
259029
260873
262364
264985
266673
268213
271734
273632
274427
276208
279630
281019
282523
284484
287252
289094
290664
293521
295465
298187
300178
301276
302815
305558
307947
309790
311644
313932
316104
318248
321030
321936
325055
326744
329219
331249
333673
335849
337744
339850
342097
344250
346998
347958
351324
354160
355146
357229
359095
360494
364755
365806
368776
370847
372680
374990
376143
378777
382339
383303
385970
387737
390421
390834
394049
395910
398045
399871
401772
403836
406891
409754
411527
414113
414890
417695
419448
421462
423572
426085
427385
430369
432668
435702
437096
438615
441816
443898
444137
447965
449330
451874
453770
455772
456489
459362
462448
463301
466161
466818
469857
471504
473914
475618
478447
480035
480854
484139
485486
487710
489887
491099
492873
496278
496933
499116
501022
502644
504614
507596
509099
510243
512037
513818
515521
517847
518526
521650
521604
523273
526967
529260
529263
532196
533662
536068
536356
539019
540373
541342
543468
545414
546681
549003
549985
551717
553465
554490
556947
557385
560524
561251
562537
564454
565549
567587
570033
570777
571435
572869
573763
574553
577002
578253
579182
581634
581811
583799
583816
587446
587687
588185
590045
591925
591817
592070
593616
594599
596477
594920
597238
598169
600077
600955
601645
603750
602921
603986
605167
604924
606333
607350
607192
609703
609088
609078
611069
611226
611211
612379
611812
613586
614581
615820
616027
615020
615714
617175
618216
618091
620234
618243
619740
620527
619982
619815
621334
620373
621823
622010
622376
620539
621229
621242
622833
620516
621309
620998
622209
622956
620975
620755
621288
621425
620520
619919
618885
619702
619551
618343
620071
618264
616733
616771
617399
615950
616264
614365
616198
613574
612832
612837
611688
610096
610356
608493
608913
608100
605295
605834
604988
601784
602544
601301
600179
599687
599522
597686
596034
594239
592836
592314
588394
589316
586784
585303
584274
583034
580765
579226
577788
574583
573610
572460
569259
568411
566251
564591
562361
561116
557132
556973
554367
551164
549622
547649
544591
542573
538902
538996
535686
532527
529746
527734
525586
524799
521536
518260
515172
513409
509551
506502
504737
501262
498979
495403
493234
489379
485409
482711
480053
478048
472665
469867
467397
463311
459024
456157
451470
449552
445015
441098
437167
435025
429979
425602
422033
417255
414547
408906
407063
401527
397336
392927
388815
384422
379455
374973
372034
367243
363254
357182
352052
347086
341593
339124
331949
327663
322921
318127
312672
307466
301974
297931
292229
286888
281983
276414
270559
265225
259168
253257
247291
241581
235406
230054
225522
218419
212422
206264
200375
192774
187241
180261
173862
167376
161040
154325
146933
140264
132762
125746
118593
111165
103250
96321
88424
80036
72003
64011
55087
47077
38255
29860
22936
16655
11547
8006
5394
3829
2918
2366
2219
2035
2011
1973
1942
1847
1757
1898
1852
1911
1797
1716
1786
1808
1799
1758
1703
1707
1764
1784
1713
1761
1615
1618
1596
1634
1659
1627
1674
1652
1556
1637
1639
1638
1590
1591
1492
1522
1486
1519
1535
1476
1459
1510
1442
1521
1490
1497
1427
1407
1458
1445
1413
1435
1421
1389
1373
1414
1392
1341
1336
1316
1381
1333
1309
1299
1279
1326
1291
1296
1328
1265
1228
1258
1271
1229
1224
1265
1286
1272
1272
1256
1223
1176
1205
1256
1239
1071
1123
1148
1147
1180
1127
1176
1141
1129
1098
1084
1109
1060
1039
1118
1108
1095
1086
1045
1076
1033
1106
1050
1037
1057
1020
1061
1040
1029
968
996
1042
963
1018
984
1010
1013
993
984
960
1005
974
937
1024
976
936
964
973
1008
930
936
892
963
955
952
966
888
912
949
925
885
924
870
905
840
835
887
836
844
909
855
937
916
865
876
811
846
884
803
842
866
854
818
826
829
800
832
842
775
824
844
819
830
775
823
807
764
844
774
791
803
825
723
732
820
803
734
745
775
738
735
737
757
737
772
788
749
720
761
727
767
691
716
723
747
680
705
746
740
735
725
710
712
715
731
724
726
697
712
678
700
690
729
699
678
707
765
685
685
643
686
696
723
719
670
649
687
691
726
654
673
663
685
658
698
645
666
714
639
633
713
655
636
660
681
667
702
658
645
648
674
646
596
679
612
621
634
653
665
593
652
668
675
725
662
676
682
660
630
692
611
616
697
674
686
653
623
650
643
636
657
598
624
572
647
586
587
585
565
577
602
633
607
604
604
572
600
599
591
628
611
585
559
584
588
557
611
621
578
586
602
635
596
598
561
610
577
561
548
589
602
597
551
563
572
572
574
552
576
564
595
572
556
569
539
544
579
573
556
603
541
542
554
544
578
556
557
590
530
583
617
562
523
565
520
583
583
