$SPEC_ID:
4MHNO3
$SPEC_REM: 
Sample ID: 4mglassjun18
$DATE_MEA:
06/28/2018 15:35:00
$MEAS_TIM:
40000.00 42470.35
$ENER_FIT:
-0.08126 0.08982
$KED DECLARED U235 ENRICHMENT:
0
$KED DECLARED PU ATOMIC WEIGHT:
0
$KED PATH LENGTH:
2.0072
$KED SAMPLE TEMPERATURE:
18.8
$DATA:
0 2047
0
0
0
0
0
0
0
0
0
0
0
0
0
0
0
0
0
0
0
0
0
0
0
0
0
0
0
0
0
0
210646
209052
208096
206077
204849
202879
200733
199462
197512
196623
194528
192889
191483
189697
188883
188156
185590
184147
183065
181839
181433
180109
178417
177171
175152
173014
172512
171120
169970
168608
166467
165804
164094
163436
162130
161091
159815
158318
157909
156984
155819
153626
153747
152728
151459
150941
149210
148681
148449
147169
146515
145692
144495
143464
143016
141573
142165
141462
141974
141623
140247
138266
137516
136555
135958
134837
134500
133633
133008
132713
131809
131079
131165
129914
129342
128475
128513
128617
127309
127350
127720
126844
125804
124939
124305
123304
123178
122850
122693
123401
125444
128601
133166
135946
136806
133878
130407
126999
123869
123438
123958
128039
137494
154087
174149
191890
196364
183910
160398
137491
122753
115605
113654
112764
111918
111531
111249
110331
110562
109043
110173
110202
111754
114883
117219
118191
116794
113569
112275
111399
110950
110968
111512
115077
122407
135922
151621
160324
156474
142680
127456
120304
118274
117220
115101
111349
107237
105503
104580
104153
103336
103803
103340
103012
103332
102193
102817
101976
101463
101839
101886
102038
101391
101634
100852
100785
100700
100916
100076
100200
100147
99751
100006
99752
99430
99425
99807
99348
98914
99181
99803
99132
98736
98818
98965
98894
98478
99412
98887
99092
98994
99161
99318
100052
100643
101549
101933
103515
105065
105421
106221
106868
107582
108340
108353
109510
110582
112481
115774
124771
148143
207026
326761
519735
751995
945323
1001568
874892
633052
388468
220981
138579
108515
100192
98503
98530
98199
98697
99532
99082
99742
100534
100871
100384
101666
102136
103551
104203
106539
108924
111820
120244
141401
196020
314947
506904
718974
839706
795882
619584
431992
320158
282869
268391
237727
189309
141622
109909
95385
90021
88395
87575
88156
88010
87048
87138
87502
88673
87682
88036
88361
88119
88225
88207
88259
88800
88960
88194
88536
88693
89442
89503
89566
89182
89862
90473
90963
90175
90562
91203
90799
90166
90905
90674
90756
91646
90789
91329
91616
91269
91686
91624
92214
91759
91936
92125
91710
92014
92254
92612
92437
92930
92562
92812
92770
93146
93646
93675
93315
93863
93742
94738
94656
94170
94278
94484
94755
94532
94965
94986
95221
94653
94731
95428
95587
95661
95186
95342
95161
95616
95812
95857
95657
95718
95890
96401
96118
95436
96433
96064
96150
95959
96140
96088
96159
96321
95875
95807
95593
95912
95870
96301
95634
96120
95791
95644
95575
96131
95551
95706
95711
95467
95136
95806
95559
95028
95325
95709
94470
94768
95064
94806
94982
94253
94539
94576
94552
94054
94148
94139
93764
93289
93121
92744
93354
92557
92863
92644
92616
92325
92155
91723
91216
91327
91081
90936
90035
90361
90770
90537
89903
89443
88952
88500
88450
88263
87706
87843
87459
87241
87039
86226
86018
86033
85794
85865
84616
84306
84225
83821
83706
83862
82939
82958
82780
82041
81909
81226
81245
80095
80457
79955
79604
79500
78851
78401
77780
77472
77442
76683
76581
75803
75677
74711
74743
73870
73860
73025
72827
72468
71584
71442
71143
70124
70153
69968
69422
69249
68113
67748
67891
67335
66518
65954
65949
64894
64743
63891
64464
63128
62882
62679
61851
61986
60932
60717
59697
59662
59409
58922
58635
58034
57463
57474
57036
56336
56053
55635
54332
54443
53889
53773
52992
52986
53234
53020
52435
52225
51330
50527
50403
49312
49111
48292
47846
47617
47300
47622
46975
47316
47037
46758
45991
44778
44152
43203
42904
42674
41667
41236
41189
40488
40462
39767
39900
39454
39137
38349
37961
37666
37349
36883
36686
36324
36072
35726
35511
35145
34424
34745
34421
33981
33732
33629
33268
33419
33106
32660
32700
32473
32187
32100
31948
31908
31351
31348
31383
31452
31355
30943
30905
31015
31039
30411
30885
30428
30593
30093
30250
30247
30131
30148
30032
29944
30026
30050
29798
30115
29770
29991
30007
29872
29925
30063
29817
29789
29591
29699
30075
29945
29844
29861
29937
30001
30735
30144
30943
31330
32059
34046
39281
48748
67248
91606
117338
131621
130550
111581
85291
61114
45192
36537
32909
33040
36498
45885
65965
99749
145721
188312
213734
205656
170133
122756
81049
53098
37768
30448
27820
26892
25976
26447
25960
25559
25618
25517
25432
25581
25716
25501
26001
25569
25719
25682
26008
26134
25929
26030
26234
26563
26362
26573
26733
27067
26831
27046
26863
27210
27220
27606
28265
27790
28492
28448
28485
28786
29073
29423
29678
30054
30228
30663
31136
31523
32003
32765
33098
33588
34258
34988
35853
36274
37341
38266
39547
40282
41980
43290
43638
45614
46880
48294
49752
50716
52353
53972
55430
56301
57681
59848
62489
66790
74212
83800
95881
107602
118341
124732
125482
119001
108251
94952
83548
74697
70095
67116
65674
65004
64970
64674
64920
65287
66719
69306
73002
77771
81688
84660
85494
83547
79824
75308
69739
66855
63027
61453
59079
58812
57817
56745
56874
56451
56462
56082
55213
54691
54729
54837
54303
54016
53722
53717
52990
52878
52646
52947
52363
52154
51827
51711
51740
51418
51374
51366
51099
50652
51224
50690
51341
50914
50940
50992
50912
50035
50253
49732
49739
49727
49353
49452
49347
48855
48891
49110
49316
49067
49090
49575
49141
48986
49314
49395
50290
50593
50751
51142
51224
50862
49617
49740
49439
49470
49735
49271
49355
49571
50055
49795
49761
49798
49949
50732
50597
51389
52100
53024
54120
55450
55729
55318
54918
53928
54299
54665
55835
58484
61700
66940
72357
76337
76886
73656
68842
63310
59510
56853
55563
54998
55187
55190
55530
55018
55495
56242
56029
56034
56790
56996
57420
57628
58671
59176
58874
59582
59753
60071
60055
60337
60082
60707
60990
61380
61446
61507
62093
62495
62454
62925
63385
64149
64354
64110
65214
65042
65675
65990
66150
66484
67358
67653
67982
68324
68993
69381
68985
70273
70666
70642
71085
71876
72111
72954
72736
73248
73401
74070
75169
75169
75730
76029
76996
77227
78101
78368
78607
79755
79515
80441
79816
80513
80663
81098
81483
81756
82752
83178
83002
83907
83754
84163
84974
85123
84377
84952
84687
84322
84918
85017
85124
86103
87693
94070
117374
189046
373201
773127
1494789
2548116
3760347
4766677
5158028
4763242
3757261
2530453
1462926
736571
336292
155646
88243
66181
61559
60296
60368
60904
61337
61834
62421
62693
63343
63187
64214
65053
65866
66405
66871
67518
68493
69394
69849
70514
70673
71715
72788
73363
73638
74429
75457
76095
77038
77360
77947
79546
80556
80633
81642
82337
83616
84436
85226
86022
87636
87667
88873
89314
89826
91120
92180
92960
93617
94432
95585
96666
96977
98653
99872
100312
101511
102810
103271
104318
105210
106184
107110
108438
108953
110160
112323
112113
112987
114434
115197
115925
117239
119513
119816
120883
121943
123730
124348
125979
126722
128316
129285
131083
132543
133217
134606
136397
137439
138964
139458
141382
142728
144649
145375
147091
149032
150146
151995
153269
154288
156811
157458
159142
160725
161188
163731
165426
167104
168900
170285
172205
173287
175484
177462
179136
180338
182258
183999
185403
187089
188752
190521
192913
194445
196348
198609
200187
202540
204119
205888
208216
210876
211921
213762
215968
217917
220595
221688
224909
226035
228267
231700
234346
235013
237298
239391
242081
245187
245790
247580
251146
253678
255535
257161
259805
261515
265416
266425
269259
270980
273473
275899
278910
280130
282792
285101
288546
290650
292522
294890
297657
301313
302408
305657
307283
310577
313817
315090
316961
321282
323649
325970
328514
331039
333678
335979
338866
341535
345160
347648
349697
352316
356080
358655
360451
364386
367004
369639
373050
375340
377945
380604
383806
386159
388877
391519
394062
397771
400365
401987
406047
408137
412134
413954
416574
420941
423127
425855
428213
431026
435866
437006
440063
444015
448367
449098
451497
455285
459349
462273
463643
468319
470293
473914
477254
480222
481951
485562
488463
492316
495316
498718
501621
504525
507617
511102
513727
516879
518971
522998
525692
528932
533625
535889
538444
541343
544516
547426
550439
553154
557635
560011
563275
565798
569562
571326
574950
577765
580707
583757
587065
590543
592603
595959
599388
602369
606027
608252
609987
614722
616414
620280
624185
626168
629012
632340
633915
638316
641334
644248
647700
649615
654573
656451
659967
662451
665337
668058
671292
674951
677037
680461
681824
685853
689015
691410
694124
696826
700035
702789
705880
708884
711123
713888
716513
719291
723885
725346
727797
730218
734861
736310
737297
740403
744748
745463
748680
751443
755602
758380
759861
761834
763572
768065
771197
772228
774162
777651
780389
783155
787626
789325
792086
793392
796019
797444
800967
802844
806215
810788
809968
814016
816565
818474
817585
825126
824637
827228
830255
831867
833683
835631
837167
840237
841594
844928
846578
847388
849657
852907
852736
855497
858522
858711
862557
863755
865205
867189
869332
870818
872884
874385
876518
878887
880040
881751
883706
886861
887386
888782
892081
892908
894165
895648
896579
898454
900877
901875
903011
906696
904409
907600
908512
910141
911892
915021
913180
917299
917080
919368
919875
921779
921830
923218
924592
924993
925733
926533
928500
928286
929179
929468
930244
930551
931467
932317
933611
935926
934202
934913
937631
936408
939287
938934
939392
939307
938155
940669
942041
940216
942562
941804
944140
944926
942841
945921
945317
945654
945479
947568
945064
946963
946208
948200
945481
946876
946841
948023
947145
947202
947207
944838
943567
945635
944280
943319
943638
940907
943770
942280
942813
939252
941552
940087
940300
939250
937469
936355
936573
936430
936101
933201
933666
933161
932335
929573
929374
930237
927767
926248
924349
922915
922968
921022
920821
919920
918487
915954
914350
913693
914165
910221
910598
906087
907266
906878
903858
902024
899379
898399
897106
894265
892407
890327
887665
886914
883162
880824
879541
877563
873219
872655
870417
866324
864134
861395
859770
857541
856350
854391
850205
847247
845545
843491
838916
835059
833741
831461
828120
824912
822159
819519
817045
812344
811292
807959
804576
802348
796053
794729
790534
788999
785909
781436
777957
772944
772430
766226
762887
761269
757075
750135
747417
745016
740480
737476
731418
728708
723011
720998
716204
711826
707610
701506
696914
693933
687924
685126
679739
675663
671822
666711
663077
656001
651143
648397
641507
637458
631720
628411
621478
617844
611997
607992
601766
596028
590882
586060
583987
576376
569959
565052
559276
552479
547633
541088
536501
531937
525350
518174
513153
507397
500298
493261
488347
481181
475885
468506
461698
456618
449070
443093
437454
430390
422957
416250
409659
402800
396998
389557
381586
375141
368782
362372
355813
347670
339791
332407
326233
318649
311051
303047
295337
288318
279490
273349
264129
256468
248399
241706
233089
225339
216016
208396
200006
191462
182486
173982
164912
156922
147067
137213
128977
119112
109216
99453
89722
79544
69366
59070
48240
38655
28977
20321
14219
9212
6028
4111
3011
2422
2213
2075
2035
1967
1968
1953
1973
1966
1850
1909
1844
1870
1889
1852
1836
1896
1816
1811
1808
1838
1813
1755
1833
1768
1728
1793
1725
1782
1722
1687
1736
1725
1687
1745
1719
1701
1662
1714
1686
1715
1670
1672
1643
1690
1673
1685
1656
1568
1643
1636
1613
1596
1633
1645
1657
1679
1723
1634
1618
1658
1576
1677
1635
1610
1514
1588
1530
1614
1545
1586
1477
1460
1541
1509
1590
1530
1584
1580
1495
1507
1537
1511
1451
1484
1497
1524
1515
1471
1532
1506
1492
1422
1422
1447
1503
1463
1417
1478
1400
1435
1407
1484
1454
1403
1454
1390
1381
1494
1377
1469
1341
1399
1403
1339
1318
1396
1358
1425
1458
1361
1416
1371
1326
1381
1396
1288
1388
1401
1355
1357
1365
1310
1325
1323
1291
1336
1326
1264
1332
1333
1287
1299
1306
1303
1268
1304
1319
1286
1224
1350
1276
1283
1238
1259
1317
1250
1239
1193
1284
1283
1292
1203
1293
1228
1330
1335
1214
1209
1174
1177
1203
1230
1305
1247
1176
1218
1225
1198
1175
1206
1229
1204
1249
1177
1186
1173
1185
1220
1147
1152
1175
1165
1168
1185
1196
1136
1145
1187
1165
1192
1108
1122
1099
1119
1168
1170
1187
1151
1111
1126
1064
1108
1094
1132
1078
1133
1094
1008
1141
1079
1103
1091
1077
1056
1018
1075
1031
1051
1096
1101
1066
1075
1048
1131
1069
1040
1033
1022
1025
1034
1068
969
1013
1039
981
955
1019
1048
1014
1038
1012
1021
987
1041
1005
1041
1014
1061
1034
1008
1020
1056
955
1047
1022
1014
1077
1041
1069
989
1050
1009
1007
1073
997
1085
1106
1127
1131
1188
1219
1272
1352
1438
1615
1676
1819
1918
1885
1955
1788
1665
1339
1214
1123
1014
922
904
945
850
844
874
873
900
861
924
897
861
895
851
823
864
842
849
852
883
896
914
845
888
889
895
886
878
867
855
908
879
876
847
898
852
925
884
835
841
879
921
896
907
903
879
870
859
929
840
894
860
831
922
910
850
935
862
857
878
885
866
937
824
884
930
837
924
898
873
887
949
899
905
904
889
974
918
894
924
893
