$SPEC_ID:
4MHNO3
$SPEC_REM: 
Sample ID: 4MGLASSAPR19
$DATE_MEA:
04/03/2019 14:49:09
$MEAS_TIM:
40000.00 42686.99
$ENER_FIT:
-0.08126 0.08982
$KED DECLARED U235 ENRICHMENT:
0
$KED DECLARED PU ATOMIC WEIGHT:
0
$KED PATH LENGTH:
2.008
$KED SAMPLE TEMPERATURE:
19.9
$DATA:
0 2047
0
0
0
0
0
0
0
0
0
0
0
0
0
0
0
0
0
0
0
0
0
0
0
0
0
0
0
0
0
0
235677
234035
232522
229333
227735
227094
224792
223520
221025
218978
217905
214949
214989
211627
210435
209446
207098
205589
203467
202855
201885
199774
198544
197413
195323
193863
192370
191048
189511
187519
186378
184646
184309
182102
181017
180256
178767
177710
176372
175180
173627
172840
172024
170527
170235
168434
168408
166192
164616
163572
163194
162682
161933
161203
159791
159048
157673
158449
157747
157470
156605
154653
153435
152040
150999
150421
150238
149274
148513
147968
147481
145998
144611
144138
143862
143527
143388
142357
142544
142018
140794
140673
139556
138687
138320
137398
136234
136903
136044
135456
137392
139741
142366
145033
145173
144099
141007
138962
136552
135960
137202
138859
145156
157125
172174
184491
186745
177814
160641
143382
132700
127098
125487
123938
122787
123064
122123
121693
121496
120856
121137
121659
122082
124183
125495
126158
125221
122438
121267
120470
120965
120632
120433
123064
128851
137788
149647
155307
154146
142595
132877
126507
125007
124771
122528
120982
117789
116079
115318
114961
113980
113938
113920
113889
113789
113999
113839
112623
112167
112663
112542
111408
112085
112348
111252
112091
110853
111626
110345
110690
110444
109740
110178
109130
109827
109131
108883
109526
108778
108566
108984
108671
108353
108205
109129
108398
107700
108091
107812
107879
108119
108086
108473
108420
108770
108923
109249
110127
110675
110753
112123
112656
112818
113232
113606
114206
115223
116180
119225
125336
143353
187963
277046
418406
591172
732190
772951
679313
501414
321994
197959
136420
114129
107195
106131
105338
105665
106745
106427
106000
106972
106979
107182
107453
108197
108877
109585
110880
112082
113235
116702
121058
137443
176951
262850
399783
550452
636948
605089
479060
346998
266759
238593
226934
206229
171081
137038
114254
104322
100307
99691
99522
99112
99371
99370
99224
99830
99943
99317
99334
99310
99802
99499
100665
100258
100501
100346
100861
101008
100713
101213
101951
101645
101594
101821
101899
103025
102578
102905
103122
102209
102901
103002
103519
103743
103188
103170
103558
103177
104154
103662
103948
104598
103761
104283
104738
105307
105202
105342
104935
105441
105547
106123
105857
105999
106373
106394
106166
106336
106649
105873
106832
106768
106953
106970
107354
108266
107398
107840
107816
108013
107630
108055
107980
108141
108289
108253
108618
108239
108135
108399
108905
109005
108897
109252
109022
108525
109190
108987
108727
109100
109650
108980
109010
109349
109088
109100
109267
109546
109019
109145
108657
109215
109491
108820
108752
108229
109289
108497
108784
108124
108299
108493
108203
108598
108496
108169
108184
107820
108142
107919
106882
107892
107105
107673
106775
107082
106761
106569
106412
106194
106607
105929
105617
106174
105548
105715
104872
105669
104169
104325
103334
103922
103734
103443
103502
102874
102496
101958
101715
101748
101117
100773
100323
100440
100113
99574
99937
99265
98346
98473
98017
97626
97496
96718
96584
95964
96015
96153
94634
95166
94415
93670
93668
93006
92700
93008
91500
91396
90886
91183
89779
89698
89754
88855
88269
88054
87204
87157
86231
85902
85446
85157
84362
84120
83402
83002
82551
82249
81516
81241
80365
79742
80321
79187
78308
78136
77238
77038
76739
75665
75064
74815
74298
73463
73201
72670
71876
71807
71489
70283
69470
69070
68832
68274
68228
66995
66840
65900
65352
64384
64547
64007
63993
62680
62277
61648
60676
60572
60377
59364
59162
58844
58569
58289
58013
57403
56640
55690
55364
54320
53687
53431
52545
52208
51973
51645
50934
51069
50186
50563
49067
48957
47895
47238
46625
45988
45480
44826
43946
43529
43069
42825
42651
42289
41173
40884
40884
39974
39840
39293
38811
38376
37907
37258
37248
37170
36281
35798
35925
35210
35054
34452
34332
34247
33418
33374
33170
32690
32060
32268
31853
31503
31452
31124
30813
30817
30394
30297
30024
29938
29739
29574
29247
29006
28854
28587
28661
28465
28188
28214
28322
27637
27719
27715
27455
27676
27359
27423
27280
27324
27118
27372
27149
27205
27107
26720
26468
26357
26670
26646
26415
26875
26618
26628
26939
26946
27755
27995
29913
34313
43415
59251
81587
103225
116835
114913
98460
75460
54058
39487
31773
28959
28971
31745
40147
58751
88033
128342
165879
188103
181577
150235
108448
71451
46282
32479
26842
23879
23123
22687
22386
22118
21869
21890
21657
21632
21604
21766
21623
21591
21462
21616
21678
21809
21661
21606
21809
21839
21434
21639
22095
21816
22145
22018
22003
22329
22408
22073
22212
22484
22762
22946
23047
23308
23432
23188
23533
23888
24270
24291
24606
24890
25105
25135
25485
25886
26427
26581
27177
27388
28118
28432
29448
30264
31023
31822
32146
33114
34303
34930
35741
36746
37671
38709
39660
40638
41356
42127
43294
46162
50147
55811
64879
75853
86392
95854
102116
101213
95869
84742
73510
62938
55642
51408
48807
47637
47477
47194
47169
47240
48092
50038
53051
56981
61606
65607
68196
68498
66138
62062
57383
52649
49454
46846
45002
43387
42731
41828
41485
41289
41249
40777
40853
40558
40306
40065
39760
39860
39713
39518
39403
39057
39359
38955
38759
38581
38570
38299
38568
38017
38247
38051
38063
38058
37821
37917
37707
38317
38322
38577
38401
38152
37840
38048
37453
37126
37127
37049
37349
36750
37320
37587
37001
37199
37457
37544
37413
37465
37270
37487
38075
38379
38958
39024
39121
38698
38569
38542
37978
38099
38355
37888
38066
38186
38106
38039
38735
38425
38666
38974
38775
39573
39654
40354
41305
41711
42499
42784
42737
42466
42693
42564
43001
44694
46264
49284
52413
56231
58905
58606
56458
53051
49159
46177
44675
43636
43834
43721
43457
43820
44277
44703
44688
45136
45617
45543
46079
46301
46429
47497
47790
48618
49002
48779
48885
48936
49351
49043
49581
49681
50111
50340
50844
50871
51001
51798
51495
52087
52425
52445
53123
53576
53912
54296
54433
55314
55578
55629
56319
56717
57425
57627
57522
58615
58917
59309
60024
60397
60555
60891
61108
61771
62431
62690
63402
63879
64802
65442
65479
65906
66414
66848
67776
68085
68469
68724
69373
70577
69646
70512
71221
71524
72543
72742
72973
73365
74444
74334
74844
75242
75961
76068
76301
76413
76391
76937
77017
77502
78438
79757
85060
101276
149442
275231
545964
1024147
1721669
2516811
3171044
3420491
3150417
2487984
1683517
982540
508523
247752
129101
85499
71200
67845
67632
67896
68553
69603
69713
70331
71207
71575
72540
73365
74124
75006
74786
76592
76800
77406
78394
78848
79869
80788
81589
82742
83697
84100
85341
85707
86619
87789
88750
89344
90610
91723
92222
93127
94357
95128
95770
97093
97921
99299
99780
101267
101808
103016
103901
104785
105733
106521
108164
108911
109651
110871
112689
113438
114372
115800
117130
117513
118743
120393
121956
121811
123248
124660
126158
126800
128215
129118
130538
131678
133580
134122
135756
136560
138108
139644
140721
142156
143894
144652
146788
147739
149107
149837
152472
154332
155249
156596
158416
159777
161069
163580
164617
166221
167829
169959
171545
171946
173804
176298
177884
180342
180990
182805
185025
186833
189237
190279
191894
194134
195362
197769
199291
201891
203550
205856
207791
208839
211566
213699
215031
217541
219013
222356
223807
226014
227968
230309
233084
233683
237107
240040
241149
244897
246316
249125
251233
253216
255731
257978
260447
262381
265967
268468
270903
273414
275085
277858
280393
282981
286226
288253
290775
294264
296522
298328
300883
303777
306822
309314
312084
314945
317043
319182
322295
325712
327842
331093
332848
336694
338891
341823
345045
348295
351986
353238
356884
359370
362599
366482
368922
370819
374089
376619
380341
383187
386642
389860
392604
396017
398245
401936
404690
407596
411417
414568
419049
422275
423741
427603
430801
433801
437193
440764
443914
445346
450984
452273
454779
458607
463280
466519
470755
471972
476816
479221
481903
485543
488490
491516
496664
499432
501549
506040
507726
511894
513430
518868
521794
526916
527843
533333
536843
537800
543808
546926
549931
553490
556583
560808
563994
568430
571739
574055
578738
582265
585950
589779
592644
597445
599376
603393
606435
609237
613596
617795
620510
624492
628085
630748
635526
639012
641167
645977
648500
651949
653902
658919
662356
665784
669043
671902
675459
680781
683315
687682
691184
693722
698027
700427
703980
706871
710797
713332
716727
721885
725256
729163
730813
734980
737775
743332
745543
748507
750184
753592
758556
763122
766703
769617
773444
775452
778196
781904
784350
788893
791268
797183
797114
801465
805126
807770
811246
814208
817817
822370
822688
827443
828863
830360
835175
837687
842935
845355
847996
850732
852550
856414
860591
863296
865074
868348
870210
872806
878076
879840
883095
887443
888903
891788
896488
898151
902502
904486
907859
912551
915076
917481
920382
923783
926670
928645
930907
932109
934236
937831
940409
943798
946628
950072
951039
952731
955715
957024
961067
963085
966054
967847
967510
972294
972822
974033
978063
979405
981731
986909
985148
987945
990668
992220
995147
996386
999761
1003641
1004045
1005717
1006681
1011062
1013294
1012920
1015469
1017430
1019232
1021940
1022648
1024737
1026710
1026778
1029305
1031140
1033243
1035367
1035694
1037655
1041021
1043840
1041638
1044433
1047045
1050705
1046933
1049254
1050064
1052616
1054572
1056273
1055877
1056820
1058732
1057793
1061413
1059880
1062540
1061744
1062783
1063807
1065273
1066784
1066512
1067354
1069724
1069099
1070361
1072490
1071534
1071133
1072910
1073099
1072789
1075570
1075128
1076597
1077626
1078153
1077348
1077843
1079282
1078966
1080269
1079973
1079608
1081139
1081057
1081235
1081201
1079955
1079554
1080898
1080416
1080605
1079858
1078593
1079155
1079575
1078137
1078194
1078165
1077698
1078504
1075471
1074947
1073090
1075072
1071277
1072007
1070887
1070564
1069353
1069433
1066797
1066614
1064974
1064755
1064158
1062860
1062850
1060406
1059526
1058744
1056926
1056312
1055144
1053792
1051862
1051827
1048704
1049492
1046956
1044019
1044039
1042575
1040663
1039678
1037018
1034582
1032491
1030436
1028878
1027926
1024212
1023843
1021336
1019431
1016193
1014617
1011050
1009978
1005369
1003812
1001492
1000070
996888
992414
990561
988539
983341
984543
979232
975505
973549
970467
967481
965261
962150
958917
955115
951791
948650
946364
940688
938595
935691
931279
930057
927356
924291
920268
916735
913920
908398
904457
900631
897255
893306
888806
885217
880337
877487
873042
866843
864535
859563
855649
850517
845748
842532
838312
835112
828081
823467
817781
816382
809329
804682
798812
793984
787698
784176
778225
772443
768873
763600
756161
750739
745672
741842
735217
729714
725396
717415
713528
706476
700167
695257
689344
683689
677705
671571
666411
659689
652644
646417
639271
635572
626431
620982
614660
608145
602082
594828
588574
581976
574681
567829
560471
551350
544787
538660
531124
524311
517501
509695
501682
495526
486782
478601
471505
463697
455882
448484
440271
431986
424337
415712
408187
400054
391699
383562
376240
367269
357908
349399
341224
332335
323424
314884
306119
297175
288163
279224
270469
260008
251816
241123
231056
223533
212582
202298
191874
183084
172687
161986
151633
141385
129666
118906
108234
95949
84885
72233
60298
48658
37568
27757
19387
12920
8486
5906
3973
3110
2773
2551
2383
2413
2353
2263
2318
2310
2346
2234
2175
2206
2192
2156
2158
2147
2112
2124
2118
2119
2088
2113
1974
2031
2044
2041
2024
2102
1998
1992
1938
1960
2003
1963
2039
1945
1887
1880
1957
1951
1944
1914
1850
1989
1939
1927
1866
1866
1898
1870
1885
1880
1863
1858
1952
1850
1833
1899
1774
1789
1821
1808
1745
1816
1881
1746
1800
1773
1819
1774
1780
1746
1759
1722
1740
1788
1754
1755
1722
1736
1676
1695
1738
1673
1645
1733
1642
1769
1661
1621
1667
1627
1660
1588
1665
1642
1660
1600
1595
1554
1601
1637
1709
1611
1557
1653
1571
1626
1503
1643
1608
1572
1638
1506
1487
1532
1588
1575
1551
1486
1580
1599
1504
1516
1565
1507
1569
1533
1542
1517
1537
1529
1496
1583
1460
1546
1503
1557
1450
1452
1496
1492
1460
1477
1432
1492
1414
1441
1485
1437
1425
1407
1507
1343
1382
1362
1423
1441
1422
1389
1393
1384
1409
1385
1399
1420
1445
1405
1446
1463
1392
1440
1330
1387
1337
1394
1402
1481
1409
1358
1348
1358
1333
1355
1383
1296
1382
1317
1341
1344
1306
1335
1321
1281
1257
1271
1300
1262
1337
1252
1301
1272
1252
1258
1244
1238
1228
1185
1278
1165
1276
1229
1249
1176
1226
1229
1184
1155
1216
1215
1208
1220
1160
1154
1153
1167
1203
1126
1062
1245
1133
1210
1148
1075
1219
1135
1155
1149
1093
1142
1157
1123
1069
1132
1133
1119
1095
1135
1090
1112
1110
1126
1131
1085
1049
1054
1092
1124
1092
1019
1056
1079
1043
1040
1049
1136
1109
1091
1063
1041
1074
1087
1086
1101
1068
1078
1096
1061
1093
1074
1077
1196
1168
1176
1229
1296
1366
1428
1420
1341
1340
1334
1161
1087
1117
1031
956
970
965
939
945
981
950
1009
951
967
1007
937
925
935
961
954
949
924
953
948
893
993
984
963
943
892
933
909
916
908
944
942
899
907
935
852
955
937
874
919
967
936
841
931
933
945
885
948
942
923
882
934
912
926
956
913
931
895
934
923
898
882
839
913
913
901
881
903
913
870
917
872
874
923
859
852
935
912
862
919
885
