generic seed parameters
 1 0.320992549680931    1
 2 0    0
 3 0    0
 4 0    0
 5 0    0
 6 1.75840409665881    1
 7 0.427725599695672    1
 8 148.936802440899    1
 9 1037024949.95665    1
 10 0.92067434439383    1
 11 162.197097035421    1
 12 1.43465552861027E-05    1
 13 -1.07196656571375    1
 14 0.0907847971385351    1
 15 0.258006792861932    1
 16 0.0587948968221583    1
 17 0.115    0
 18 2.39016    0
 19 116515.860347348    1
 20 87.8154840949914    1
 21 0    0
 22 4.06823657741188E-05    1
 23 307.904075459304    1
 24 0    0
 25 0.00542829788017029    0
 26 1500    0
 27 0.001    0
 28 0.22900000214576    0
 29 0.00253045121387297    1
 30 0    0
 31 0    0
 32 1.20598198654577E-05    1
 33 0.534742324839029    1
 34 6.79469320061978E-09    1
 35 8.803680091671    1
 36 0    0
