spec_fit_0
 1 0.169350395271893    1
 2 0    0
 3 0    0
 4 0    0
 5 0    0
 6 1.2583013948669    1
 7 0.366197541807608    0
 8 149.794253112627    1
 9 1240043158.06453    1
 10 0.935771232863662    1
 11 144.932657215169    1
 12 1.89332659886909E-05    0
 13 0.690284213605935    1
 14 0.0904824943534367    1
 15 0.259101240748732    1
 16 0.095    0
 17 0.115    0
 18 2.1208    0
 19 2332953.66015883    1
 20 88.0340000000000    0
 21 0    0
 22 616.576747865361    1
 23 1540009861.64959    1
 24 0    0
 25 0.00542829788017029    0
 26 149.001998901365    0
 27 0.001    0
 28 0.22900000214576    0
 29 0.00145980326681204    1
 30 257.596509400549    1
 31 0    0
 32 1E-09    0
 33 0.504061045584562    0
 34 7.04172580553716E-08    0
 35 2.34883003121434    0
 36 0    0

