$SPEC_ID:
S01_REF_KED_R001.SPE
$SPEC_REM: 
Sample ID: RRP_GB_KED_Ref
$DATE_MEA:
4/8/14 2:13:44
$MEAS_TIM:
5000.00 6048.59
$ENER_FIT:
-0.639012 0.091321
$KED DECLARED U235 ENRICHMENT:
0.71
$KED DECLARED PU ATOMIC WEIGHT:
239.6
$KED PATH LENGTH:
1.414
$KED SAMPLE TEMPERATURE:
24.40
$DATA:
0 2047
0
1
0
0
0
0
0
0
1
1
0
1
1
109
3601
18421
29643
33204
34374
34552
34265
33886
34081
33448
32797
32886
32399
32033
31878
31612
31260
31156
30927
30684
30521
30193
29657
29569
29147
29098
29003
28710
28740
28226
27847
28041
27462
27613
27220
27309
26755
26842
26585
26391
26133
26089
25821
25875
25381
25498
25259
25047
25113
24977
24869
24817
24283
24526
24472
24142
24036
23853
23941
23944
23530
23965
23536
23705
23292
23330
22985
22775
22755
22724
22927
22848
22304
22185
22157
22266
22437
22541
21974
21992
22213
21297
21712
21573
21585
21342
21491
21385
21303
21395
20932
20900
21191
20503
20585
20694
20833
20658
20559
20339
20400
20250
20314
19908
19938
20260
19844
20083
20276
20371
20558
21087
21088
20734
20542
20524
20544
20390
20430
20427
20920
22160
23441
24523
23530
22078
20645
20187
19788
19759
19333
19532
19299
19369
19300
19437
19174
19317
19074
19129
19265
19156
19185
18820
18929
19019
18891
18906
18842
18814
18612
18600
18568
19116
19269
19623
18811
18630
18328
18248
18173
18404
18210
18422
18055
18051
18119
18075
17881
17927
17913
17730
17778
17796
17677
17774
17917
17628
17782
17695
17513
17519
17497
17240
17500
17465
16954
16696
17219
17177
17030
16817
16937
17194
17058
17064
17144
16976
17065
17049
17010
16937
16919
16976
16867
16841
16819
16701
16771
16762
16983
16804
16869
17255
17093
16999
17093
17402
17323
17287
17639
17294
17449
17330
17645
17577
17791
17859
18780
21895
30646
45879
62934
73861
69157
49689
30082
20370
17566
16940
16741
16713
16769
16687
16446
16979
16776
16852
16942
16882
17029
17211
17061
17154
17382
17487
17628
17626
17340
17312
17618
18536
21037
27842
33598
34826
28450
22635
19712
19838
20625
20350
18916
17724
17468
17535
17204
17094
17064
17146
16943
17365
17374
17463
17474
17506
17528
17652
17560
17847
17808
17824
17810
17709
17709
17993
17752
17903
18075
18188
17782
17942
17789
18035
18163
18365
18266
18238
18293
18501
18517
18166
18604
18502
18446
18311
18380
18646
18801
18558
18705
18731
18541
18659
19013
19067
19098
19021
19107
19184
19203
19355
19138
19254
19466
19591
19513
19692
19545
19625
19619
19650
19542
19590
19796
19580
19964
19853
19959
19780
20071
20084
20068
20194
20077
20198
20164
20288
20264
20283
20306
20126
20333
20291
20628
20286
20268
20712
20537
20523
20422
20535
20592
20519
20694
20519
20642
20323
20436
20750
20612
20268
20360
20429
20433
20489
20607
20506
20517
20409
20382
20409
20413
20494
20692
20727
20605
20586
20432
20404
20417
20438
20238
20728
20386
20583
20372
20295
20205
20274
20194
20143
19987
20360
20109
19956
20126
19869
19835
19780
19860
20187
19728
19918
19910
19825
19759
19604
19385
19630
19499
19317
19433
19309
19111
19271
19262
19053
18819
18709
18629
18750
18678
18535
18560
18528
18400
18360
18129
18198
18392
18139
17895
18013
17914
17835
17689
17586
17337
17571
17104
17211
17185
17247
16953
16888
16959
16611
16441
16634
16416
16161
16081
15826
16153
16117
15664
15669
15727
15526
15406
15295
15360
14919
15021
14732
14474
14327
14519
14323
14360
14128
14046
14049
14026
13752
13634
13409
13320
13066
13237
13170
12918
12657
12697
12529
12463
12227
12158
12030
11907
11815
11726
11666
11500
11334
11215
10914
11085
10786
10734
10457
10569
10401
10273
10090
10072
9813
9699
9517
9589
9443
9168
9308
9094
8792
8841
8721
8537
8480
8181
8249
8040
8106
7778
7732
7636
7590
7591
7460
7147
7054
7038
6788
6721
6708
6643
6491
6510
6193
6085
6089
5997
5948
5691
5729
5507
5518
5431
5301
5229
5279
5108
5137
4919
4841
4658
4844
4478
4519
4496
4457
4288
4161
4190
4251
3982
3927
4024
3875
3860
3886
3709
3693
3527
3599
3603
3485
3341
3437
3374
3366
3246
3261
3211
3180
3182
3146
3026
2962
2969
2931
2902
2930
2893
2739
2865
2758
2761
2641
2828
2713
2619
2627
2567
2645
2541
2539
2703
2655
3016
3383
3758
3909
3874
3250
2821
2427
2326
2298
2183
2234
2330
2323
2601
3051
3819
4586
4719
4539
3694
2916
2472
2187
1980
1997
2070
1921
1916
1941
1853
1880
1864
1857
1830
1789
1903
1839
1784
1737
1785
1737
1763
1799
1727
1799
1686
1748
1756
1651
1723
1649
1655
1673
1652
1648
1620
1680
1677
1604
1614
1600
1657
1619
1620
1574
1611
1574
1577
1595
1524
1458
1570
1537
1587
1558
1476
1545
1547
1542
1491
1528
1539
1543
1470
1509
1469
1469
1490
1496
1482
1493
1421
1496
1448
1508
1498
1641
1468
1676
1715
1986
2218
2482
2812
2770
2710
2351
2105
1793
1576
1527
1409
1461
1505
1441
1431
1431
1498
1604
1597
1707
2052
2287
2621
2650
2469
2161
1854
1728
1521
1488
1481
1400
1429
1399
1367
1441
1400
1367
1429
1427
1382
1369
1453
1456
1370
1396
1347
1368
1472
1339
1367
1342
1355
1428
1391
1364
1396
1383
1394
1393
1412
1400
1392
1450
1594
1602
1625
1677
1636
1530
1463
1468
1437
1443
1440
1467
1442
1491
1458
1442
1441
1524
1470
1548
1528
1528
1545
1637
1759
1802
1928
1925
1977
1776
1668
1575
1637
1581
1581
1576
1697
1568
1637
1627
1607
1608
1681
1727
1722
1691
1656
1692
1741
1810
1754
1717
1776
1879
1823
1979
2090
2084
2075
2132
2176
2200
2218
2050
2001
2022
2083
1973
1943
1968
1963
2073
2057
1995
2091
2085
2055
2095
2119
2107
2210
2251
2210
2378
2338
2498
2356
2357
2430
2403
2529
2523
2472
2450
2522
2576
2577
2594
2582
2609
2736
2644
2805
2867
2748
2726
2808
2912
2871
2946
3019
3037
3042
3046
3180
3122
3146
3203
3284
3178
3249
3381
3348
3471
3421
3528
3578
3589
3674
3565
3849
3844
3859
3875
3983
4025
3915
4242
4109
4253
4272
4315
4286
4389
4383
4496
4538
4650
4524
4680
4902
4742
4955
4983
4871
5022
5157
5133
5222
5348
5263
5608
5292
5650
5735
5760
6184
6744
8008
9624
11737
13397
13781
12617
10795
9091
7704
6996
6678
6626
6722
6872
6954
7113
7193
7322
7460
7508
7609
7657
7747
7750
7944
8044
8003
8235
8503
8453
8393
8630
8674
8914
9010
8930
9183
9126
9470
9463
9814
9813
9660
9933
10161
10148
10390
10380
10471
10823
10594
10821
10862
11200
11417
11435
11584
11705
11750
11847
12116
12271
12511
12323
12609
12900
12971
12975
13140
13232
13574
13805
13902
14056
14202
14453
14415
14712
14935
15095
15054
15414
15514
15628
16000
16161
16294
16741
16800
16934
17309
17253
17599
17550
17928
18242
18419
18509
18837
19312
19357
19450
19971
19983
20331
20492
20934
21024
21378
21792
21611
22216
22379
22512
23169
23197
23529
23732
24048
24048
24298
24975
25181
25721
25902
26210
26533
26917
27325
27711
28214
28319
28641
29025
29134
29841
29952
30197
30660
31213
31213
31754
32195
32542
32824
33316
33913
33967
34619
34829
35474
35803
36332
36722
36853
37412
37552
38096
38547
39106
39788
39841
40766
40717
41305
41879
42602
42858
43405
43936
44137
44728
45599
45572
46287
46981
47331
47769
48585
49087
49608
49767
50553
51095
51469
52373
52822
53515
53694
53873
55069
55351
55906
56224
57003
57355
58248
59473
59171
59822
60759
61246
61755
62689
62714
63117
64127
64972
65780
66401
67113
67109
68133
68991
69262
69996
70637
71408
72085
72748
72919
74012
74276
75732
75800
76186
77438
78184
78323
79040
79660
80959
81471
82082
83149
83560
83923
85622
85665
86197
87000
87892
88923
89176
89825
90596
91785
92419
93138
93888
94107
95388
96044
96866
97323
97963
99378
99418
100577
101359
102354
102681
103197
103934
105299
106060
106687
107497
108897
108849
109739
111200
112301
112864
113308
114136
114518
116065
117127
117602
118295
119198
120049
120574
121259
122922
122205
123867
124692
125225
126842
127191
128117
128606
129232
130767
130672
132534
133038
134463
134281
135262
136461
137236
138226
138395
139343
139646
141880
142384
142796
143850
144311
145535
146571
146444
147730
148916
150192
150161
151547
152032
153068
153514
155034
156347
155423
157666
157972
158868
159383
161088
161875
162201
163240
164160
164848
165601
166141
167278
168970
168766
169631
170276
171404
171375
173513
174335
174931
175547
176763
176780
177501
179290
179519
179971
181714
181409
182398
183725
183021
184583
185614
186643
186251
187255
189012
189531
190407
190771
192348
192650
193906
194558
194551
195361
195921
196990
197217
198844
199563
200440
201112
201874
201571
202832
202631
204132
205165
206273
206757
206724
207768
208469
208788
209935
210900
212028
211919
212946
213202
213848
214627
214028
214819
216965
217066
217025
218702
219195
219537
220130
220330
221071
221988
221995
223454
223412
223818
225092
225436
226305
226513
227476
226000
227880
228524
228228
229666
230277
229554
231078
231215
231624
232865
232778
233169
233534
234030
233772
235307
235911
236141
236078
236584
236008
237149
237101
237651
238278
237855
239259
239595
239312
239831
241056
239657
240385
240615
242406
242171
242127
242870
242951
241918
242763
243226
243523
243575
243619
243560
244843
244852
244485
244019
244873
245299
244905
245496
246546
245527
245995
244820
246333
245354
246267
246627
245980
245516
245957
245725
247498
246604
246006
245678
246236
245271
246043
245953
246069
246191
245966
246157
244874
245409
245664
245005
245597
244972
244889
244484
244067
243761
244087
243142
243079
243159
242820
241445
241871
242967
241062
240652
241205
241746
240057
239863
239866
239059
238358
238482
238048
238003
237531
236195
235887
235555
235252
235013
234345
233272
233395
232826
232556
231893
230640
230361
230078
229175
229447
227515
227625
226425
225403
224581
225330
223417
223182
221685
221567
220316
220390
219244
218977
216407
217045
216306
214877
213932
212898
211503
211068
210195
208343
208175
207423
205900
205086
204647
203819
202102
201282
199313
199418
197492
197236
195800
193986
193086
191471
190383
189630
188780
187641
185764
185413
183538
182301
180063
179394
177876
176451
174032
173537
171608
172158
169078
167682
166300
164887
162795
162607
160625
158883
157312
155383
153845
152856
150700
148988
147123
146038
144592
141949
140713
138862
136895
135407
132694
131412
129090
127486
126061
124245
121482
119454
118387
116193
114142
111594
110537
107893
105909
103365
101332
99835
97337
95057
92598
90612
88464
86105
83527
81401
79129
76697
74315
71686
68924
67371
64481
61659
59600
56671
53583
51996
48413
45947
43205
40215
37312
34716
31503
28400
25557
22264
19278
16146
12899
10219
7849
5759
4046
2729
1831
1356
982
809
743
661
679
707
579
657
599
565
574
600
573
604
535
561
562
535
583
522
517
545
497
493
498
494
521
479
507
471
444
503
462
455
471
481
467
455
506
471
424
445
429
442
408
423
441
432
418
474
365
406
445
417
382
414
443
378
422
422
386
427
376
433
384
419
440
415
417
386
397
375
387
356
384
392
365
397
384
378
373
385
360
388
349
360
398
374
391
358
399
339
402
359
371
386
381
356
337
356
349
390
369
370
331
389
363
362
399
356
335
380
385
331
374
349
352
333
358
347
357
344
323
368
306
361
337
325
328
322
338
334
314
320
317
337
329
349
325
319
330
312
307
307
322
338
321
306
342
313
335
318
315
314
311
319
312
332
290
324
312
294
330
302
298
305
332
343
314
292
283
290
310
315
292
307
305
308
295
296
255
327
284
291
292
320
273
290
299
322
261
291
282
297
279
283
259
274
286
266
273
274
250
273
281
283
272
279
258
270
259
268
276
302
270
269
289
249
273
235
253
251
244
304
277
245
272
264
263
275
244
235
260
273
249
256
255
234
225
247
254
212
238
246
232
271
202
217
251
240
219
228
230
221
185
271
211
250
197
233
207
244
220
251
224
248
228
222
238
202
215
219
201
234
193
203
250
216
196
221
178
207
188
198
223
174
190
194
227
189
194
215
208
196
209
207
221
183
190
172
205
176
211
201
163
166
175
174
186
194
181
207
183
180
158
141
183
176
176
166
197
182
201
168
177
165
170
168
163
197
166
161
149
194
166
172
146
189
185
173
170
191
150
145
158
152
128
163
135
173
132
152
136
159
133
145
146
143
134
136
165
160
132
157
153
131
133
120
141
132
124
140
133
126
114
143
146
128
132
134
132
121
130
111

