spec_fit_0
 1 0.168517104989549    1
 2 0    0
 3 0    0
 4 0    0
 5 0    0
 6 1.11071650044281    1
 7 0.258080240787353    1
 8 149.49522605223    1
 9 1266429600.51471    1
 10 0.91637    0
 11 173.261815134091    1
 12 2.32943902475829E-06    1
 13 0.00368879956150354    1
 14 0.0897512696445533    1
 15 0.256656273493351    1
 16 0.095    0
 17 0.115    0
 18 2.0496182593953    1
 19 1209994.50900932    1
 20 88.0493079067671    1
 21 0    0
 22 0.000136492429166192    1
 23 0.0754552738107449    1
 24 0    0
 25 0.00542829788017029    0
 26 6256.94019248052    0
 27 0.001    0
 28 0.22900000214576    0
 29 0.00208445294165415    1
 30 1.07820756003002    1
 31 0    0
 32 -2.70326838213646E-06    1
 33 0.272312571301527    1
 34 7.33756085711551E-09    1
 35 4.56856939990118    1
 36 0.151811822252702    1
