spec_fit_26
 1 0.242631484961397    1
 2 0.00161236850292659    1
 3 0    0
 4 0    0
 5 0    0
 6 1.15    0
 7 0.524608289105759    1
 8 148.582997623945    1
 9 1590806407.27488    1
 10 0.9272306093355    1
 11 147.016026503704    1
 12 9.48988203854707E-06    1
 13 0.153581593805364    1
 14 0.0898061351093357    1
 15 0.24714165077433    1
 16 0.095    0
 17 0.115    0
 18 2.42686016352968    1
 19 302760.07026505    1
 20 88.0726518339409    1
 21 0    0
 22 0.0102116929273857    1
 23 94881.428656115    1
 24 0    0
 25 0.00542829788017029    0
 26 149.001998901365    0
 27 0.001    0
 28 0.22900000214576    0
 29 0.00238854138519298    1
 30 0    0
 31 0    0
 32 1E-09    0
 33 0.280742483963889    0
 34 -1.04640604559771E-09    0
 35 7.42251288794469    0
 36 0    0
