spec_fit_3
 1 0.131664679781254    1
 2 0.0147710444854351    1
 3 0    0
 4 8.56527068290094E-05    1
 5 0    0
 6 1.20170144835625    1
 7 0.468810465083547    1
 8 149.595843061526    1
 9 1055729643.5191    1
 10 0.921961418765337    1
 11 141.772639962656    1
 12 1.77924701685179E-05    1
 13 0.00895893348917473    1
 14 0.0897401540084058    1
 15 0.258102555490051    1
 16 0.095    0
 17 0.115    0
 18 2.06395697430583    1
 19 205355.230151033    1
 20 88.0465804571429    1
 21 0    0
 22 9.58949718793938E-05    1
 23 0.116587322994397    1
 24 0    0
 25 0.00542829788017029    0
 26 7513.16661847029    0
 27 0.001    0
 28 0.22900000214576    0
 29 0.00277075719117111    1
 30 0    0
 31 0    0
 32 -3.18595342824085E-06    1
 33 0.27065042899377    1
 34 9.07519372854146E-10    1
 35 14.9072591835675    1
 36 0    0
