spec_fit_1
 1 0.168512828957396    1
 2 0    0
 3 0    0
 4 0    0
 5 0    0
 6 1.10874658705652    1
 7 0.230294585248343    1
 8 149.492542084592    1
 9 1266424821.99553    1
 10 0.91637    0
 11 172.843414170989    1
 12 2.90660496677289E-06    1
 13 0.00295329889124944    1
 14 0.0897512261861368    1
 15 0.256884330210784    1
 16 0.095    0
 17 0.115    0
 18 2.04933201297363    1
 19 1208561.26309594    1
 20 88.0495546748484    1
 21 0    0
 22 0.000128747933770493    1
 23 0.0908926395886503    1
 24 0    0
 25 0.00542829788017029    0
 26 6256.94019248052    0
 27 0.001    0
 28 0.22900000214576    0
 29 0.00206940089112935    1
 30 1.0574181268395    1
 31 0    0
 32 -2.61307637754177E-06    1
 33 0.298720118408323    1
 34 6.48007625575145E-09    1
 35 7.67374009842125    1
 36 0.0546714073681304    1
