spec_fit_0
 1 0.141854098988274    1
 2 0.0141653769196514    1
 3 0    0
 4 0.00075304093882384    1
 5 0    0
 6 1.15    0
 7 0.366197541807608    0
 8 149.808498744236    1
 9 1207886039.23925    1
 10 0.936573714666857    1
 11 109.382935740916    1
 12 3.47739885652799E-05    1
 13 -0.827355786889643    1
 14 0.0904657150648523    1
 15 0.259554236054965    1
 16 0.095    0
 17 0.115    0
 18 2.09778894703219    1
 19 1372054.06479358    1
 20 87.8275765978824    1
 21 0    0
 22 1.36646210915525E-05    1
 23 586.906275217719    1
 24 0    0
 25 0.00542829788017029    0
 26 149.001998901365    0
 27 0.001    0
 28 0.22900000214576    0
 29 0.00130070983914634    1
 30 485.509339063801    1
 31 0    0
 32 1E-09    0
 33 0.504061045584562    0
 34 7.04172580553716E-08    0
 35 2.34883003121434    0
 36 878.172133115554    1
