spec_fit_2
 1 0.168388515025857    1
 2 0    0
 3 0    0
 4 0    0
 5 0    0
 6 1.12071815043774    1
 7 0.246072809668152    1
 8 149.496344288651    1
 9 1267285640.21585    1
 10 0.91637    0
 11 173.793101777593    1
 12 3.70368917323748E-06    1
 13 0.00289311474074304    1
 14 0.0897517629172264    1
 15 0.257024853695537    1
 16 0.095    0
 17 0.115    0
 18 2.0486844123743    1
 19 1205355.3666594    1
 20 88.0506945218813    1
 21 0    0
 22 0.000137147917791809    1
 23 0.0910382888543514    1
 24 0    0
 25 0.00542829788017029    0
 26 6256.94019248052    0
 27 0.001    0
 28 0.22900000214576    0
 29 0.00204451198668121    1
 30 0.60436171302985    1
 31 0    0
 32 -2.6192742086939E-06    1
 33 0.27733932521336    1
 34 5.97712562379423E-09    1
 35 8.36141714178205    1
 36 0.102302345946074    1
