 1 0
 2 0.2
 3 0.08
 4 0.1
 5 115.6
 6 0
 7 19.48669850347
 8 62.9305116365779
 9 1
 10 0
 11 114
 12 1
 13 1
 14 0
 15 0
 16 0
 17 0
 18 20
 19 0.0006
 20 0.0001
 21 75
 22 155
 23 0
 24 5
 25 0
 26 1
 27 0
 28 0
 29 0
 30 61.57
 31 64.54
 32 170
 33 176.4
 34 0.0006
 35 0.75
 36 0.003
 1 0
 2 0.07
 3 0.1
 4 0.2
 5 0.1
 6 0.03
 7 0.0001
 8 0.2
 9 0.3
 10 0.2
 11 0
 1 0
 2 0.01
 3 0.1
 4 0.2
 5 0.1
 6 0.03
 7 0.0001
 8 0.2
 9 0.3
 10 0.2
 11 0
